0 -5
0.01 -5
0.02 -5.00004
0.03 -4.99996
0.04 -4.99977
0.05 -4.99946
0.06 -4.99904
0.07 -4.87474
0.08 -4.85379
0.09 -4.83274
0.1 -4.81159
0.11 -4.79034
0.12 -4.76898
0.13 -4.74753
0.14 -4.72599
0.15 -4.70435
0.16 -4.68261
0.17 -4.66079
0.18 -4.63887
0.19 -4.61687
0.2 -4.59478
0.21 -4.5726
0.22 -4.55035
0.23 -4.52801
0.24 -4.50559
0.25 -4.48309
0.26 -4.46052
0.27 -4.43787
0.28 -4.41515
0.29 -4.39235
0.3 -4.36949
0.31 -4.34656
0.32 -4.32356
0.33 -4.3005
0.34 -4.27738
0.35 -4.2542
0.36 -4.23095
0.37 -4.20765
0.38 -4.18429
0.39 -4.16088
0.4 -4.13742
0.41 -4.1139
0.42 -4.09034
0.43 -4.06673
0.44 -4.04308
0.45 -4.01938
0.46 -3.99564
0.47 -3.97186
0.48 -3.94804
0.49 -3.92419
0.5 -3.90087
0.51 -3.87817
0.52 -3.85605
0.53 -3.83452
0.54 -3.81356
0.55 -3.79315
0.56 -3.77328
0.57 -3.75394
0.58 -3.73512
0.59 -3.7168
0.6 -3.69898
0.61 -3.68163
0.62 -3.66476
0.63 -3.64834
0.64 -3.63237
0.65 -3.61684
0.66 -3.60173
0.67 -3.58704
0.68 -3.57276
0.69 -3.55887
0.7 -3.54536
0.71 -3.53223
0.72 -3.51947
0.73 -3.50707
0.74 -3.49501
0.75 -3.4833
0.76 -3.47191
0.77 -3.46085
0.78 -3.45011
0.79 -3.43967
0.8 -3.42953
0.81 -3.41968
0.82 -3.41012
0.83 -3.40083
0.84 -3.39181
0.85 -3.38306
0.86 -3.37456
0.87 -3.36631
0.88 -3.3583
0.89 -3.35053
0.9 -3.34299
0.91 -3.33567
0.92 -3.32857
0.93 -3.32168
0.94 -3.315
0.95 -3.30853
0.96 -3.30224
0.97 -3.29615
0.98 -3.29024
0.99 -3.28452
1 -3.27897
1.01 -3.27359
1.02 -1.81155
1.03 -1.802
1.04 -1.80938
1.05 -1.81698
1.06 -1.82429
1.07 -1.83132
1.08 -1.83808
1.09 -1.84458
1.1 -1.85083
1.11 -1.85683
1.12 -1.86261
1.13 -1.86816
1.14 -1.87351
1.15 -1.87865
1.16 -1.88359
1.17 -1.88835
1.18 -1.89293
1.19 -1.89734
1.2 -1.90158
1.21 -1.90566
1.22 -1.90959
1.23 -1.91338
1.24 -1.91702
1.25 -1.92053
1.26 -1.9239
1.27 -1.92715
1.28 -1.93029
1.29 -1.9333
1.3 -1.93621
1.31 -1.939
1.32 -1.9417
1.33 -1.94429
1.34 -1.94679
1.35 -1.9492
1.36 -1.95152
1.37 -1.95376
1.38 -1.95591
1.39 -1.95798
1.4 -1.95998
1.41 -1.96191
1.42 -1.96376
1.43 -1.96555
1.44 -1.96727
1.45 -1.96892
1.46 -1.97052
1.47 -1.97206
1.48 -1.97354
1.49 -1.97497
1.5 -1.97635
1.51 -1.97767
1.52 -1.97895
1.53 -1.98018
1.54 -1.98136
1.55 -1.9825
1.56 -1.9836
1.57 -1.98465
1.58 -1.98567
1.59 -1.98665
1.6 -1.98759
1.61 -1.9885
1.62 -1.98938
1.63 -1.99022
1.64 -1.99103
1.65 -1.99181
1.66 -1.99256
1.67 -1.99328
1.68 -1.99397
1.69 -1.99464
1.7 -1.99528
1.71 -1.99589
1.72 -1.99649
1.73 -1.99705
1.74 -1.9976
1.75 -1.99813
1.76 -1.99863
1.77 -1.99912
1.78 -1.99958
1.79 -2.00003
1.8 -2.00045
1.81 -2.00086
1.82 -2.00126
1.83 -2.00163
1.84 -2.002
1.85 -2.00234
1.86 -2.00267
1.87 -2.00299
1.88 -2.00329
1.89 -2.00358
1.9 -2.00386
1.91 -2.00412
1.92 -2.00437
1.93 -2.00461
1.94 -2.00484
1.95 -2.00506
1.96 -2.00527
1.97 -0.675271
1.98 -0.675852
1.99 -0.692813
2 -0.709549
2.01 -0.725537
2.02 -0.7408
2.03 -0.755375
2.04 -0.769299
2.05 -0.782605
2.06 -0.795324
2.07 -0.807487
2.08 -0.81912
2.09 -0.830249
2.1 -0.840899
2.11 -0.851091
2.12 -0.860848
2.13 -0.87019
2.14 -0.879135
2.15 -0.887701
2.16 -0.895906
2.17 -0.903766
2.18 -0.911295
2.19 -0.918508
2.2 -0.925418
2.21 -0.93204
2.22 -0.938384
2.23 -0.944463
2.24 -0.950287
2.25 -0.955868
2.26 -0.961215
2.27 -0.966339
2.28 -0.971247
2.29 -0.975949
2.3 -0.980453
2.31 -0.984767
2.32 -0.988899
2.33 -0.992855
2.34 -0.996643
2.35 -1.00027
2.36 -1.00374
2.37 -1.00706
2.38 -1.01024
2.39 -1.01328
2.4 -1.01619
2.41 -1.01897
2.42 -1.02162
2.43 -1.02416
2.44 -1.02658
2.45 -1.0289
2.46 -1.03111
2.47 -1.03322
2.48 -1.03523
2.49 -1.03714
2.5 -1.03897
2.51 -1.0407
2.52 -1.04236
2.53 -1.04393
2.54 -1.04542
2.55 -1.04684
2.56 -1.04818
2.57 -1.04946
2.58 -1.05066
2.59 -1.05181
2.6 -1.05289
2.61 -1.0539
2.62 -1.05486
2.63 -1.05577
2.64 -1.05661
2.65 -1.05741
2.66 -1.05815
2.67 -1.05885
2.68 -1.0595
2.69 -1.0601
2.7 -1.06066
2.71 -1.06117
2.72 -1.06164
2.73 -1.06208
2.74 -1.06247
2.75 -1.06283
2.76 -1.06315
2.77 -1.06344
2.78 -1.06369
2.79 -1.06391
2.8 -1.0641
2.81 -1.06426
2.82 -0.156278
2.83 -0.158239
2.84 -0.170376
2.85 -0.18229
2.86 -0.19369
2.87 -0.204591
2.88 -0.215016
2.89 -0.224989
2.9 -0.23453
2.91 -0.243658
2.92 -0.252393
2.93 -0.260752
2.94 -0.268751
2.95 -0.276407
2.96 -0.283734
2.97 -0.290747
2.98 -0.297458
2.99 -0.303882
3 -0.310029
3.01 -0.315911
3.02 -0.321541
3.03 -0.326926
3.04 -0.332079
3.05 -0.337008
3.06 -0.341722
3.07 -0.346231
3.08 -0.350541
3.09 -0.354662
3.1 -0.3586
3.11 -0.362363
3.12 -0.365957
3.13 -0.36939
3.14 -0.372666
3.15 -0.375794
3.16 -0.378777
3.17 -0.381622
3.18 -0.384334
3.19 -0.386918
3.2 -0.389378
3.21 -0.39172
3.22 -0.393947
3.23 -0.396065
3.24 -0.398076
3.25 -0.399986
3.26 -0.401797
3.27 -0.403513
3.28 -0.405138
3.29 -0.406675
3.3 -0.408127
3.31 -0.409498
3.32 -0.410789
3.33 -0.412005
3.34 -0.413147
3.35 -0.414219
3.36 -0.415222
3.37 -0.416159
3.38 -0.417032
3.39 -0.417845
3.4 -0.418597
3.41 -0.419293
3.42 -0.419933
3.43 -0.42052
3.44 -0.421055
3.45 -0.421541
3.46 -0.421978
3.47 -0.422368
3.48 -0.422714
3.49 -0.423016
3.5 -0.423275
3.51 -0.423494
3.52 -0.423673
3.53 -0.423815
3.54 -0.423919
3.55 -0.423987
3.56 -0.424021
3.57 -0.424021
3.58 -0.423989
3.59 -0.423925
3.6 -0.42383
3.61 0.0569529
3.62 0.0547957
3.63 0.0475248
3.64 0.0404132
3.65 0.0335932
3.66 0.0270564
3.67 0.020791
3.68 0.0147858
3.69 0.00903001
3.7 0.00351342
3.71 -0.00177372
3.72 -0.00684074
3.73 -0.0116965
3.74 -0.0163495
3.75 -0.0208079
3.76 -0.0250794
3.77 -0.0291713
3.78 -0.0330908
3.79 -0.0368447
3.8 -0.0404394
3.81 -0.0438811
3.82 -0.0471758
3.83 -0.050329
3.84 -0.0533463
3.85 -0.0562329
3.86 -0.0589937
3.87 -0.0616335
3.88 -0.064157
3.89 -0.0665684
3.9 -0.0688721
3.91 -0.0710719
3.92 -0.0731719
3.93 -0.0751758
3.94 -0.077087
3.95 -0.078909
3.96 -0.0806451
3.97 -0.0822984
3.98 -0.083872
3.99 -0.0853688
4 -0.0867914
4.01 -0.0881428
4.02 -0.0894253
4.03 -0.0906414
4.04 -0.0917936
4.05 -0.0928842
4.06 -0.0939152
4.07 -0.0948888
4.08 -0.095807
4.09 -0.0966718
4.1 -0.0974851
4.11 -0.0982486
4.12 -0.098964
4.13 -0.0996331
4.14 -0.100257
4.15 -0.100838
4.16 -0.101378
4.17 -0.101876
4.18 -0.102336
4.19 -0.102759
4.2 -0.103144
4.21 -0.103495
4.22 -0.103812
4.23 -0.104095
4.24 -0.104347
4.25 -0.104568
4.26 -0.104759
4.27 -0.104922
4.28 -0.105056
4.29 -0.105164
4.3 -0.105245
4.31 -0.105301
4.32 -0.105333
4.33 -0.10534
4.34 -0.105325
4.35 -0.105287
4.36 -0.105228
4.37 -0.105148
4.38 -0.105047
4.39 0.0841828
4.4 0.0826941
4.41 0.0792413
4.42 0.0758751
4.43 0.0726438
4.44 0.0695436
4.45 0.0665693
4.46 0.0637159
4.47 0.0609786
4.48 0.058353
4.49 0.0558346
4.5 0.0534193
4.51 0.0511031
4.52 0.0488822
4.53 0.0467528
4.54 0.0447115
4.55 0.0427548
4.56 0.0408796
4.57 0.0390828
4.58 0.0373612
4.59 0.0357122
4.6 0.034133
4.61 0.0326208
4.62 0.0311733
4.63 0.029788
4.64 0.0284625
4.65 0.0271947
4.66 0.0259823
4.67 0.0248234
4.68 0.023716
4.69 0.0226581
4.7 0.021648
4.71 0.0206838
4.72 0.019764
4.73 0.0188869
4.74 0.0180509
4.75 0.0172546
4.76 0.0164966
4.77 0.0157754
4.78 0.0150897
4.79 0.0144383
4.8 0.0138199
4.81 0.0132334
4.82 0.0126777
4.83 0.0121516
4.84 0.0116541
4.85 0.0111842
4.86 0.010741
4.87 0.0103235
4.88 0.00993083
4.89 0.00956211
4.9 0.00921653
4.91 0.0088933
4.92 0.00859165
4.93 0.00831085
4.94 0.00805019
4.95 0.00780899
4.96 0.00758659
4.97 0.00738237
4.98 0.00719572
4.99 0.00702605
5 0.00687281
5.01 0.00673546
5.02 0.00661347
5.03 0.00650635
5.04 0.00641362
5.05 0.0063348
5.06 0.00626946
5.07 0.00621718
5.08 0.00617752
5.09 0.0061501
5.1 0.00613454
5.11 0.00613047
5.12 0.00613753
5.13 0.00615539
5.14 0.00618371
5.15 0.00622219
5.16 0.00627051
5.17 0.00632839
5.18 0.0526532
5.19 0.0519494
5.2 0.0507822
5.21 0.0496493
5.22 0.0485617
5.23 0.0475181
5.24 0.0465167
5.25 0.0455559
5.26 0.0446341
5.27 0.0437498
5.28 0.0429015
5.29 0.0420879
5.3 0.0413076
5.31 0.0405594
5.32 0.039842
5.33 0.0391542
5.34 0.038495
5.35 0.0378632
5.36 0.0372579
5.37 0.0366779
5.38 0.0361224
5.39 0.0355905
5.4 0.0350812
5.41 0.0345937
5.42 0.0341272
5.43 0.0336809
5.44 0.0332541
5.45 0.0328461
5.46 0.0324561
5.47 0.0320835
5.48 0.0317277
5.49 0.031388
5.5 0.0310639
5.51 0.0307548
5.52 0.0304602
5.53 0.0301794
5.54 0.0299121
5.55 0.0296578
5.56 0.0294159
5.57 0.0291861
5.58 0.0289678
5.59 0.0287608
5.6 0.0285646
5.61 0.0283788
5.62 0.028203
5.63 0.028037
5.64 0.0278803
5.65 0.0277326
5.66 0.0275937
5.67 0.0274632
5.68 0.0273408
5.69 0.0272263
5.7 0.0271193
5.71 0.0270197
5.72 0.0269272
5.73 0.0268415
5.74 0.0267624
5.75 0.0266897
5.76 0.0266231
5.77 0.0265626
5.78 0.0265078
5.79 0.0264586
5.8 0.0264148
5.81 0.0263762
5.82 0.0263427
5.83 0.026314
5.84 0.0262901
5.85 0.0262708
5.86 0.026256
5.87 0.0262454
5.88 0.026239
5.89 0.0262366
5.9 0.0262381
5.91 0.0262435
5.92 0.0262525
5.93 0.0262651
5.94 0.0262811
5.95 0.0263005
5.96 0.0236718
5.97 0.0234246
5.98 0.0232122
5.99 0.0230089
6 0.0228138
6.01 0.0226267
6.02 0.022447
6.03 0.0222747
6.04 0.0221093
6.05 0.0219507
6.06 0.0217985
6.07 0.0216526
6.08 0.0215126
6.09 0.0213783
6.1 0.0212496
6.11 0.0211262
6.12 0.0210079
6.13 0.0208945
6.14 0.0207859
6.15 0.0206818
6.16 0.0205821
6.17 0.0204867
6.18 0.0203952
6.19 0.0203077
6.2 0.020224
6.21 0.0201439
6.22 0.0200672
6.23 0.019994
6.24 0.0199239
6.25 0.019857
6.26 0.0197931
6.27 0.0197321
6.28 0.0196739
6.29 0.0196183
6.3 0.0195654
6.31 0.0195149
6.32 0.0194669
6.33 0.0194212
6.34 0.0193777
6.35 0.0193363
6.36 0.0192971
6.37 0.0192598
6.38 0.0192245
6.39 0.0191911
6.4 0.0191594
6.41 0.0191295
6.42 0.0191013
6.43 0.0190747
6.44 0.0190497
6.45 0.0190261
6.46 0.019004
6.47 0.0189834
6.48 0.0189641
6.49 0.0189461
6.5 0.0189293
6.51 0.0189138
6.52 0.0188995
6.53 0.0188863
6.54 0.0188742
6.55 0.0188632
6.56 0.0188533
6.57 0.0188443
6.58 0.0188363
6.59 0.0188292
6.6 0.018823
6.61 0.0188177
6.62 0.0188133
6.63 0.0188097
6.64 0.0188069
6.65 0.0188048
6.66 0.0188035
6.67 0.0188029
6.68 0.018803
6.69 0.0188038
6.7 0.0188053
6.71 0.0188073
6.72 0.0188101
6.73 0.0188134
6.74 0.00729475
6.75 0.00725053
6.76 0.00732867
6.77 0.00740679
6.78 0.00748184
6.79 0.00755386
6.8 0.00762298
6.81 0.0076893
6.82 0.00775293
6.83 0.00781397
6.84 0.00787253
6.85 0.0079287
6.86 0.00798257
6.87 0.00803424
6.88 0.00808377
6.89 0.00813127
6.9 0.0081768
6.91 0.00822043
6.92 0.00826225
6.93 0.00830231
6.94 0.00834069
6.95 0.00837745
6.96 0.00841264
6.97 0.00844633
6.98 0.00847858
6.99 0.00850943
7 0.00853894
7.01 0.00856715
7.02 0.00859413
7.03 0.0086199
7.04 0.00864452
7.05 0.00866802
7.06 0.00869046
7.07 0.00871186
7.08 0.00873226
7.09 0.00875171
7.1 0.00877023
7.11 0.00878786
7.12 0.00880463
7.13 0.00882057
7.14 0.00883571
7.15 0.00885008
7.16 0.0088637
7.17 0.00887661
7.18 0.00888883
7.19 0.00890038
7.2 0.00891128
7.21 0.00892156
7.22 0.00893124
7.23 0.00894034
7.24 0.00894888
7.25 0.00895689
7.26 0.00896436
7.27 0.00897134
7.28 0.00897783
7.29 0.00898384
7.3 0.00898941
7.31 0.00899453
7.32 0.00899923
7.33 0.00900351
7.34 0.0090074
7.35 0.00901091
7.36 0.00901405
7.37 0.00901682
7.38 0.00901925
7.39 0.00902134
7.4 0.00902311
7.41 0.00902456
7.42 0.0090257
7.43 0.00902655
7.44 0.00902712
7.45 0.00902741
7.46 0.00902742
7.47 0.00902718
7.48 0.00902669
7.49 0.00902594
7.5 0.00902497
7.51 0.00902376
7.52 0.000740924
7.53 0.000757886
7.54 0.000861697
7.55 0.000963607
7.56 0.00106147
7.57 0.00115539
7.58 0.00124551
7.59 0.00133199
7.6 0.00141496
7.61 0.00149456
7.62 0.00157093
7.63 0.00164418
7.64 0.00171443
7.65 0.00178181
7.66 0.00184642
7.67 0.00190836
7.68 0.00196774
7.69 0.00202466
7.7 0.0020792
7.71 0.00213146
7.72 0.00218152
7.73 0.00222947
7.74 0.00227539
7.75 0.00231935
7.76 0.00236142
7.77 0.00240168
7.78 0.00244018
7.79 0.00247701
7.8 0.00251221
7.81 0.00254585
7.82 0.00257799
7.83 0.00260867
7.84 0.00263796
7.85 0.00266591
7.86 0.00269256
7.87 0.00271795
7.88 0.00274215
7.89 0.00276518
7.9 0.00278709
7.91 0.00280792
7.92 0.00282771
7.93 0.0028465
7.94 0.00286432
7.95 0.0028812
7.96 0.00289718
7.97 0.00291229
7.98 0.00292656
7.99 0.00294003
8 0.00295271
8.01 0.00296463
8.02 0.00297583
8.03 0.00298632
8.04 0.00299613
8.05 0.00300529
8.06 0.00301381
8.07 0.00302172
8.08 0.00302904
8.09 0.00303579
8.1 0.00304198
8.11 0.00304764
8.12 0.00305278
8.13 0.00305742
8.14 0.00306158
8.15 0.00306527
8.16 0.00306851
8.17 0.00307131
8.18 0.00307369
8.19 0.00307565
8.2 0.00307722
8.21 0.00307841
8.22 0.00307922
8.23 0.00307967
8.24 0.00307978
8.25 0.00307954
8.26 0.00307897
8.27 0.00307809
8.28 0.0030769
8.29 0.0030754
8.3 0.00307362
8.31 -0.000893889
8.32 -0.000872456
8.33 -0.00081027
8.34 -0.000749511
8.35 -0.000691174
8.36 -0.000635192
8.37 -0.000581474
8.38 -0.000529933
8.39 -0.000480483
8.4 -0.000433044
8.41 -0.000387539
8.42 -0.000343893
8.43 -0.000302034
8.44 -0.000261895
8.45 -0.00022341
8.46 -0.000186515
8.47 -0.000151151
8.48 -0.00011726
8.49 -8.47853e-05
8.5 -5.3674e-05
8.51 -2.3875e-05
8.52 4.66104e-06
8.53 3.19813e-05
8.54 5.81311e-05
8.55 8.31541e-05
8.56 0.000107092
8.57 0.000129985
8.58 0.000151872
8.59 0.000172789
8.6 0.000192773
8.61 0.000211857
8.62 0.000230074
8.63 0.000247456
8.64 0.000264034
8.65 0.000279836
8.66 0.00029489
8.67 0.000309223
8.68 0.000322862
8.69 0.000335831
8.7 0.000348153
8.71 0.000359853
8.72 0.000370951
8.73 0.00038147
8.74 0.00039143
8.75 0.00040085
8.76 0.000409749
8.77 0.000418145
8.78 0.000426057
8.79 0.0004335
8.8 0.000440491
8.81 0.000447046
8.82 0.000453179
8.83 0.000458905
8.84 0.000464238
8.85 0.000469191
8.86 0.000473777
8.87 0.000478007
8.88 0.000481895
8.89 0.000485452
8.9 0.000488688
8.91 0.000491614
8.92 0.00049424
8.93 0.000496577
8.94 0.000498633
8.95 0.000500418
8.96 0.00050194
8.97 0.000503208
8.98 0.000504229
8.99 0.000505012
9 0.000505565
9.01 0.000505893
9.02 0.000506005
9.03 0.000505907
9.04 0.000505606
9.05 0.000505106
9.06 0.000504416
9.07 0.000503539
9.08 0.000502483
9.09 -0.00085549
9.1 -0.000842215
9.11 -0.000815118
9.12 -0.000788739
9.13 -0.000763414
9.14 -0.000739111
9.15 -0.00071579
9.16 -0.000693414
9.17 -0.000671946
9.18 -0.00065135
9.19 -0.000631593
9.2 -0.000612643
9.21 -0.000594469
9.22 -0.00057704
9.23 -0.00056033
9.24 -0.000544309
9.25 -0.000528953
9.26 -0.000514235
9.27 -0.000500132
9.28 -0.00048662
9.29 -0.000473678
9.3 -0.000461284
9.31 -0.000449417
9.32 -0.000438058
9.33 -0.000427187
9.34 -0.000416788
9.35 -0.000406841
9.36 -0.000397331
9.37 -0.000388242
9.38 -0.000379557
9.39 -0.000371263
9.4 -0.000363344
9.41 -0.000355788
9.42 -0.000348581
9.43 -0.00034171
9.44 -0.000335163
9.45 -0.000328929
9.46 -0.000322996
9.47 -0.000317354
9.48 -0.000311992
9.49 -0.0003069
9.5 -0.000302069
9.51 -0.000297489
9.52 -0.000293151
9.53 -0.000289048
9.54 -0.00028517
9.55 -0.00028151
9.56 -0.000278061
9.57 -0.000274814
9.58 -0.000271763
9.59 -0.000268902
9.6 -0.000266223
9.61 -0.000263721
9.62 -0.000261389
9.63 -0.000259222
9.64 -0.000257215
9.65 -0.00025536
9.66 -0.000253655
9.67 -0.000252093
9.68 -0.00025067
9.69 -0.000249382
9.7 -0.000248223
9.71 -0.00024719
9.72 -0.000246278
9.73 -0.000245484
9.74 -0.000244804
9.75 -0.000244233
9.76 -0.00024377
9.77 -0.00024341
9.78 -0.00024315
9.79 -0.000242986
9.8 -0.000242917
9.81 -0.000242938
9.82 -0.000243048
9.83 -0.000243243
9.84 -0.000243521
9.85 -0.00024388
9.86 -0.000244317
9.87 -0.000469522
9.88 -0.000463776
9.89 -0.000455833
9.9 -0.000448147
9.91 -0.000440769
9.92 -0.000433688
9.93 -0.000426894
9.94 -0.000420374
9.95 -0.000414119
9.96 -0.000408118
9.97 -0.000402362
9.98 -0.00039684
9.99 -0.000391544
10 -0.000386466
10.01 -0.000381596
10.02 -0.000376928
10.03 -0.000372452
10.04 -0.000368163
10.05 -0.000364053
10.06 -0.000360115
10.07 -0.000356342
10.08 -0.00035273
10.09 -0.00034927
10.1 -0.000345959
10.11 -0.00034279
10.12 -0.000339758
10.13 -0.000336858
10.14 -0.000334084
10.15 -0.000331434
10.16 -0.000328901
10.17 -0.000326482
10.18 -0.000324172
10.19 -0.000321967
10.2 -0.000319865
10.21 -0.00031786
10.22 -0.000315949
10.23 -0.000314129
10.24 -0.000312397
10.25 -0.00031075
10.26 -0.000309184
10.27 -0.000307696
10.28 -0.000306283
10.29 -0.000304943
10.3 -0.000303674
10.31 -0.000302473
10.32 -0.000301338
10.33 -0.000300266
10.34 -0.000299256
10.35 -0.000298305
10.36 -0.00029741
10.37 -0.000296571
10.38 -0.000295786
10.39 -0.000295051
10.4 -0.000294366
10.41 -0.000293729
10.42 -0.000293139
10.43 -0.000292593
10.44 -0.000292091
10.45 -0.00029163
10.46 -0.00029121
10.47 -0.000290829
10.48 -0.000290485
10.49 -0.000290178
10.5 -0.000289907
10.51 -0.00028967
10.52 -0.000289466
10.53 -0.000289294
10.54 -0.000289153
10.55 -0.000289042
10.56 -0.00028896
10.57 -0.000288907
10.58 -0.00028888
10.59 -0.000288881
10.6 -0.000288907
10.61 -0.000288957
10.62 -0.000289032
10.63 -0.00028913
10.64 -0.000289251
10.65 -0.000183476
10.66 -0.000181805
10.67 -0.000181297
10.68 -0.000180838
10.69 -0.000180398
10.7 -0.000179975
10.71 -0.00017957
10.72 -0.000179181
10.73 -0.000178808
10.74 -0.00017845
10.75 -0.000178107
10.76 -0.000177778
10.77 -0.000177462
10.78 -0.000177159
10.79 -0.000176869
10.8 -0.00017659
10.81 -0.000176323
10.82 -0.000176067
10.83 -0.000175822
10.84 -0.000175587
10.85 -0.000175362
10.86 -0.000175147
10.87 -0.00017494
10.88 -0.000174743
10.89 -0.000174554
10.9 -0.000174373
10.91 -0.0001742
10.92 -0.000174034
10.93 -0.000173876
10.94 -0.000173725
10.95 -0.00017358
10.96 -0.000173442
10.97 -0.000173311
10.98 -0.000173185
10.99 -0.000173065
11 -0.000172951
11.01 -0.000172843
11.02 -0.000172739
11.03 -0.000172641
11.04 -0.000172547
11.05 -0.000172458
11.06 -0.000172374
11.07 -0.000172294
11.08 -0.000172218
11.09 -0.000172146
11.1 -0.000172078
11.11 -0.000172014
11.12 -0.000171954
11.13 -0.000171897
11.14 -0.000171843
11.15 -0.000171793
11.16 -0.000171746
11.17 -0.000171702
11.18 -0.000171661
11.19 -0.000171623
11.2 -0.000171587
11.21 -0.000171554
11.22 -0.000171524
11.23 -0.000171496
11.24 -0.000171471
11.25 -0.000171448
11.26 -0.000171427
11.27 -0.000171409
11.28 -0.000171392
11.29 -0.000171378
11.3 -0.000171365
11.31 -0.000171355
11.32 -0.000171346
11.33 -0.000171339
11.34 -0.000171334
11.35 -0.00017133
11.36 -0.000171328
11.37 -0.000171328
11.38 -0.000171329
11.39 -0.000171332
11.4 -0.000171336
11.41 -0.000171341
11.42 -0.000171348
11.43 -0.000171356
11.44 -4.42169e-05
11.45 -4.41204e-05
11.46 -4.53513e-05
11.47 -4.65669e-05
11.48 -4.77344e-05
11.49 -4.88547e-05
11.5 -4.99297e-05
11.51 -5.09612e-05
11.52 -5.19508e-05
11.53 -5.29001e-05
11.54 -5.38108e-05
11.55 -5.46842e-05
11.56 -5.55218e-05
11.57 -5.63251e-05
11.58 -5.70952e-05
11.59 -5.78335e-05
11.6 -5.85411e-05
11.61 -5.92193e-05
11.62 -5.98691e-05
11.63 -6.04917e-05
11.64 -6.10879e-05
11.65 -6.16589e-05
11.66 -6.22056e-05
11.67 -6.27288e-05
11.68 -6.32294e-05
11.69 -6.37084e-05
11.7 -6.41664e-05
11.71 -6.46043e-05
11.72 -6.50228e-05
11.73 -6.54225e-05
11.74 -6.58043e-05
11.75 -6.61687e-05
11.76 -6.65164e-05
11.77 -6.6848e-05
11.78 -6.71641e-05
11.79 -6.74652e-05
11.8 -6.77519e-05
11.81 -6.80246e-05
11.82 -6.8284e-05
11.83 -6.85304e-05
11.84 -6.87644e-05
11.85 -6.89863e-05
11.86 -6.91966e-05
11.87 -6.93957e-05
11.88 -6.9584e-05
11.89 -6.97619e-05
11.9 -6.99297e-05
11.91 -7.00878e-05
11.92 -7.02365e-05
11.93 -7.03762e-05
11.94 -7.05071e-05
11.95 -7.06296e-05
11.96 -7.0744e-05
11.97 -7.08504e-05
11.98 -7.09493e-05
11.99 -7.10408e-05
12 -7.11252e-05
12.01 -7.12028e-05
12.02 -7.12737e-05
12.03 -7.13381e-05
12.04 -7.13964e-05
12.05 -7.14487e-05
12.06 -7.14952e-05
12.07 -7.1536e-05
12.08 -7.15715e-05
12.09 -7.16016e-05
12.1 -7.16267e-05
12.11 -7.16469e-05
12.12 -7.16622e-05
12.13 -7.1673e-05
12.14 -7.16792e-05
12.15 -7.16812e-05
12.16 -7.16789e-05
12.17 -7.16725e-05
12.18 -7.16622e-05
12.19 -7.16481e-05
12.2 -7.16302e-05
12.21 -7.16087e-05
12.22 3.88353e-06
12.23 3.61762e-06
12.24 2.57036e-06
12.25 1.54473e-06
12.26 5.59934e-07
12.27 -3.85122e-07
12.28 -1.29197e-06
12.29 -2.16209e-06
12.3 -2.9969e-06
12.31 -3.79778e-06
12.32 -4.56603e-06
12.33 -5.3029e-06
12.34 -6.0096e-06
12.35 -6.68729e-06
12.36 -7.33707e-06
12.37 -7.96e-06
12.38 -8.55711e-06
12.39 -9.12937e-06
12.4 -9.67773e-06
12.41 -1.02031e-05
12.42 -1.07063e-05
12.43 -1.11882e-05
12.44 -1.16496e-05
12.45 -1.20912e-05
12.46 -1.25138e-05
12.47 -1.29181e-05
12.48 -1.33048e-05
12.49 -1.36745e-05
12.5 -1.40278e-05
12.51 -1.43654e-05
12.52 -1.46879e-05
12.53 -1.49957e-05
12.54 -1.52894e-05
12.55 -1.55695e-05
12.56 -1.58365e-05
12.57 -1.6091e-05
12.58 -1.63333e-05
12.59 -1.65638e-05
12.6 -1.67831e-05
12.61 -1.69914e-05
12.62 -1.71893e-05
12.63 -1.7377e-05
12.64 -1.75549e-05
12.65 -1.77234e-05
12.66 -1.78828e-05
12.67 -1.80334e-05
12.68 -1.81755e-05
12.69 -1.83095e-05
12.7 -1.84356e-05
12.71 -1.8554e-05
12.72 -1.86651e-05
12.73 -1.8769e-05
12.74 -1.88661e-05
12.75 -1.89566e-05
12.76 -1.90406e-05
12.77 -1.91185e-05
12.78 -1.91904e-05
12.79 -1.92565e-05
12.8 -1.9317e-05
12.81 -1.93721e-05
12.82 -1.9422e-05
12.83 -1.94668e-05
12.84 -1.95067e-05
12.85 -1.9542e-05
12.86 -1.95726e-05
12.87 -1.95988e-05
12.88 -1.96207e-05
12.89 -1.96385e-05
12.9 -1.96523e-05
12.91 -1.96621e-05
12.92 -1.96682e-05
12.93 -1.96706e-05
12.94 -1.96695e-05
12.95 -1.9665e-05
12.96 -1.96572e-05
12.97 -1.96461e-05
12.98 -1.96318e-05
12.99 -1.96146e-05
13 1.20737e-05
13.01 1.185e-05
13.02 1.13005e-05
13.03 1.07645e-05
13.04 1.02498e-05
13.05 9.75594e-06
13.06 9.282e-06
13.07 8.82726e-06
13.08 8.39095e-06
13.09 7.97238e-06
13.1 7.57085e-06
13.11 7.18571e-06
13.12 6.81633e-06
13.13 6.4621e-06
13.14 6.12245e-06
13.15 5.79683e-06
13.16 5.48469e-06
13.17 5.18553e-06
13.18 4.89885e-06
13.19 4.62419e-06
13.2 4.3611e-06
13.21 4.10913e-06
13.22 3.86788e-06
13.23 3.63694e-06
13.24 3.41593e-06
13.25 3.20448e-06
13.26 3.00223e-06
13.27 2.80885e-06
13.28 2.62401e-06
13.29 2.4474e-06
13.3 2.2787e-06
13.31 2.11765e-06
13.32 1.96395e-06
13.33 1.81733e-06
13.34 1.67755e-06
13.35 1.54436e-06
13.36 1.41751e-06
13.37 1.29678e-06
13.38 1.18195e-06
13.39 1.0728e-06
13.4 9.69149e-07
13.41 8.70786e-07
13.42 7.77526e-07
13.43 6.8919e-07
13.44 6.05605e-07
13.45 5.26604e-07
13.46 4.52027e-07
13.47 3.8172e-07
13.48 3.15534e-07
13.49 2.53327e-07
13.5 1.94962e-07
13.51 1.40307e-07
13.52 8.92351e-08
13.53 4.16237e-08
13.54 -2.64445e-09
13.55 -4.36824e-08
13.56 -8.15989e-08
13.57 -1.16499e-07
13.58 -1.48482e-07
13.59 -1.77647e-07
13.6 -2.04086e-07
13.61 -2.27888e-07
13.62 -2.49141e-07
13.63 -2.67928e-07
13.64 -2.84328e-07
13.65 -2.98418e-07
13.66 -3.10273e-07
13.67 -3.19963e-07
13.68 -3.27558e-07
13.69 -3.33124e-07
13.7 -3.36724e-07
13.71 -3.38419e-07
13.72 -3.38267e-07
13.73 -3.36327e-07
13.74 -3.32652e-07
13.75 -3.27294e-07
13.76 -3.20304e-07
13.77 -3.11731e-07
13.78 8.48072e-06
13.79 8.36418e-06
13.8 8.15851e-06
13.81 7.95868e-06
13.82 7.76684e-06
13.83 7.58274e-06
13.84 7.40608e-06
13.85 7.23657e-06
13.86 7.07393e-06
13.87 6.91789e-06
13.88 6.7682e-06
13.89 6.62462e-06
13.9 6.48692e-06
13.91 6.35486e-06
13.92 6.22822e-06
13.93 6.10682e-06
13.94 5.99044e-06
13.95 5.87889e-06
13.96 5.77199e-06
13.97 5.66957e-06
13.98 5.57146e-06
13.99 5.47749e-06
14 5.38752e-06
14.01 5.30138e-06
14.02 5.21895e-06
14.03 5.14007e-06
14.04 5.06462e-06
14.05 4.99248e-06
14.06 4.92351e-06
14.07 4.85761e-06
14.08 4.79466e-06
14.09 4.73455e-06
14.1 4.67718e-06
14.11 4.62246e-06
14.12 4.57027e-06
14.13 4.52054e-06
14.14 4.47317e-06
14.15 4.42808e-06
14.16 4.38518e-06
14.17 4.34441e-06
14.18 4.30567e-06
14.19 4.26891e-06
14.2 4.23405e-06
14.21 4.20102e-06
14.22 4.16976e-06
14.23 4.1402e-06
14.24 4.1123e-06
14.25 4.08598e-06
14.26 4.06119e-06
14.27 4.03789e-06
14.28 4.01602e-06
14.29 3.99552e-06
14.3 3.97637e-06
14.31 3.9585e-06
14.32 3.94187e-06
14.33 3.92644e-06
14.34 3.91218e-06
14.35 3.89904e-06
14.36 3.88699e-06
14.37 3.87598e-06
14.38 3.86599e-06
14.39 3.85698e-06
14.4 3.84892e-06
14.41 3.84177e-06
14.42 3.83552e-06
14.43 3.83012e-06
14.44 3.82555e-06
14.45 3.82179e-06
14.46 3.81881e-06
14.47 3.81659e-06
14.48 3.81509e-06
14.49 3.81431e-06
14.5 3.81421e-06
14.51 3.81477e-06
14.52 3.81598e-06
14.53 3.81782e-06
14.54 3.82026e-06
14.55 3.82329e-06
14.56 4.0782e-06
14.57 4.03488e-06
14.58 3.99014e-06
14.59 3.94711e-06
14.6 3.90581e-06
14.61 3.86618e-06
14.62 3.82815e-06
14.63 3.79165e-06
14.64 3.75353e-06
14.65 3.71688e-06
14.66 3.68172e-06
14.67 3.648e-06
14.68 3.61565e-06
14.69 3.58462e-06
14.7 3.55488e-06
14.71 3.52635e-06
14.72 3.49901e-06
14.73 3.4728e-06
14.74 3.44769e-06
14.75 3.42362e-06
14.76 3.40057e-06
14.77 3.37849e-06
14.78 3.35734e-06
14.79 3.3371e-06
14.8 3.31773e-06
14.81 3.29919e-06
14.82 3.28145e-06
14.83 3.26449e-06
14.84 3.24828e-06
14.85 3.23278e-06
14.86 3.21798e-06
14.87 3.20385e-06
14.88 3.19036e-06
14.89 3.17748e-06
14.9 3.16521e-06
14.91 3.15351e-06
14.92 3.14236e-06
14.93 3.13175e-06
14.94 3.12165e-06
14.95 3.11206e-06
14.96 3.10294e-06
14.97 3.09428e-06
14.98 3.08607e-06
14.99 3.07829e-06
15 3.07092e-06
15.01 3.06395e-06
15.02 3.05737e-06
15.03 3.05116e-06
15.04 3.04532e-06
15.05 3.03982e-06
15.06 3.03465e-06
15.07 3.02981e-06
15.08 3.02528e-06
15.09 3.02106e-06
15.1 3.01712e-06
15.11 3.01347e-06
15.12 3.01009e-06
15.13 3.00697e-06
15.14 3.00411e-06
15.15 3.0015e-06
15.16 2.99912e-06
15.17 2.99697e-06
15.18 2.99504e-06
15.19 2.99333e-06
15.2 2.99183e-06
15.21 2.99053e-06
15.22 2.98942e-06
15.23 2.9885e-06
15.24 2.98777e-06
15.25 2.98721e-06
15.26 2.98683e-06
15.27 2.9866e-06
15.28 2.98654e-06
15.29 2.98664e-06
15.3 2.98689e-06
15.31 2.98728e-06
15.32 2.98782e-06
15.33 2.98849e-06
15.34 2.9893e-06
15.35 1.24295e-06
15.36 1.23309e-06
15.37 1.24176e-06
15.38 1.25054e-06
15.39 1.25898e-06
15.4 1.26708e-06
15.41 1.27486e-06
15.42 1.28232e-06
15.43 1.28948e-06
15.44 1.29634e-06
15.45 1.30293e-06
15.46 1.30925e-06
15.47 1.3153e-06
15.48 1.32111e-06
15.49 1.32668e-06
15.5 1.33202e-06
15.51 1.33714e-06
15.52 1.34205e-06
15.53 1.34675e-06
15.54 1.35125e-06
15.55 1.35557e-06
15.56 1.3597e-06
15.57 1.36365e-06
15.58 1.36744e-06
15.59 1.37106e-06
15.6 1.37452e-06
15.61 1.37784e-06
15.62 1.38101e-06
15.63 1.38404e-06
15.64 1.38693e-06
15.65 1.38969e-06
15.66 1.39233e-06
15.67 1.39485e-06
15.68 1.39725e-06
15.69 1.39953e-06
15.7 1.40172e-06
15.71 1.40379e-06
15.72 1.40577e-06
15.73 1.40764e-06
15.74 1.40943e-06
15.75 1.41112e-06
15.76 1.41273e-06
15.77 1.41426e-06
15.78 1.4157e-06
15.79 1.41706e-06
15.8 1.41835e-06
15.81 1.41957e-06
15.82 1.42072e-06
15.83 1.4218e-06
15.84 1.42281e-06
15.85 1.42376e-06
15.86 1.42465e-06
15.87 1.42548e-06
15.88 1.42625e-06
15.89 1.42697e-06
15.9 1.42764e-06
15.91 1.42825e-06
15.92 1.42882e-06
15.93 1.42934e-06
15.94 1.42981e-06
15.95 1.43023e-06
15.96 1.43061e-06
15.97 1.43095e-06
15.98 1.43125e-06
15.99 1.43151e-06
16 1.43174e-06
16.01 1.43192e-06
16.02 1.43207e-06
16.03 1.43219e-06
16.04 1.43227e-06
16.05 1.43232e-06
16.06 1.43234e-06
16.07 1.43233e-06
16.08 1.43229e-06
16.09 1.43222e-06
16.1 1.43212e-06
16.11 1.432e-06
16.12 1.43185e-06
16.13 4.66033e-08
16.14 4.85225e-08
16.15 6.48981e-08
16.16 8.09914e-08
16.17 9.64457e-08
16.18 1.11276e-07
16.19 1.25508e-07
16.2 1.39163e-07
16.21 1.52264e-07
16.22 1.64833e-07
16.23 1.7689e-07
16.24 1.88454e-07
16.25 1.99546e-07
16.26 2.10182e-07
16.27 2.2038e-07
16.28 2.30158e-07
16.29 2.3953e-07
16.3 2.48512e-07
16.31 2.57119e-07
16.32 2.65366e-07
16.33 2.73265e-07
16.34 2.8083e-07
16.35 2.88073e-07
16.36 2.95006e-07
16.37 3.01642e-07
16.38 3.0799e-07
16.39 3.14061e-07
16.4 3.19866e-07
16.41 3.25415e-07
16.42 3.30717e-07
16.43 3.3578e-07
16.44 3.40615e-07
16.45 3.45228e-07
16.46 3.49629e-07
16.47 3.53824e-07
16.48 3.57821e-07
16.49 3.61628e-07
16.5 3.65251e-07
16.51 3.68697e-07
16.52 3.71972e-07
16.53 3.75082e-07
16.54 3.78033e-07
16.55 3.80831e-07
16.56 3.83481e-07
16.57 3.85988e-07
16.58 3.88357e-07
16.59 3.90594e-07
16.6 3.92702e-07
16.61 3.94686e-07
16.62 3.96551e-07
16.63 3.98301e-07
16.64 3.99939e-07
16.65 4.01469e-07
16.66 4.02896e-07
16.67 4.04222e-07
16.68 4.05451e-07
16.69 4.06586e-07
16.7 4.07631e-07
16.71 4.08587e-07
16.72 4.0946e-07
16.73 4.1025e-07
16.74 4.10961e-07
16.75 4.11596e-07
16.76 4.12156e-07
16.77 4.12645e-07
16.78 4.13064e-07
16.79 4.13416e-07
16.8 4.13703e-07
16.81 4.13927e-07
16.82 4.14091e-07
16.83 4.14195e-07
16.84 4.14241e-07
16.85 4.14233e-07
16.86 4.1417e-07
16.87 4.14056e-07
16.88 4.13891e-07
16.89 4.13677e-07
16.9 4.13415e-07
16.91 -2.8921e-07
16.92 -2.85707e-07
16.93 -2.74921e-07
16.94 -2.64376e-07
16.95 -2.54251e-07
16.96 -2.44534e-07
16.97 -2.3521e-07
16.98 -2.26264e-07
16.99 -2.1768e-07
17 -2.09445e-07
17.01 -2.01545e-07
17.02 -1.93967e-07
17.03 -1.86699e-07
17.04 -1.7973e-07
17.05 -1.73047e-07
17.06 -1.6664e-07
17.07 -1.60498e-07
17.08 -1.54611e-07
17.09 -1.4897e-07
17.1 -1.43565e-07
17.11 -1.38388e-07
17.12 -1.33429e-07
17.13 -1.28681e-07
17.14 -1.24136e-07
17.15 -1.19786e-07
17.16 -1.15624e-07
17.17 -1.11643e-07
17.18 -1.07836e-07
17.19 -1.04197e-07
17.2 -1.0072e-07
17.21 -9.73992e-08
17.22 -9.4228e-08
17.23 -9.12015e-08
17.24 -8.83143e-08
17.25 -8.55615e-08
17.26 -8.29381e-08
17.27 -8.04395e-08
17.28 -7.80611e-08
17.29 -7.57988e-08
17.3 -7.36483e-08
17.31 -7.16056e-08
17.32 -6.9667e-08
17.33 -6.78287e-08
17.34 -6.60872e-08
17.35 -6.4439e-08
17.36 -6.2881e-08
17.37 -6.14099e-08
17.38 -6.00228e-08
17.39 -5.87166e-08
17.4 -5.74887e-08
17.41 -5.63362e-08
17.42 -5.52567e-08
17.43 -5.42476e-08
17.44 -5.33065e-08
17.45 -5.24312e-08
17.46 -5.16193e-08
17.47 -5.08687e-08
17.48 -5.01774e-08
17.49 -4.95435e-08
17.5 -4.89649e-08
17.51 -4.84399e-08
17.52 -4.79667e-08
17.53 -4.75435e-08
17.54 -4.71689e-08
17.55 -4.68411e-08
17.56 -4.65587e-08
17.57 -4.63203e-08
17.58 -4.61243e-08
17.59 -4.59695e-08
17.6 -4.58546e-08
17.61 -4.57783e-08
17.62 -4.57394e-08
17.63 -4.57368e-08
17.64 -4.57694e-08
17.65 -4.5836e-08
17.66 -4.59356e-08
17.67 -4.60673e-08
17.68 -4.62301e-08
17.69 -3.00844e-07
17.7 -2.98556e-07
17.71 -2.93649e-07
17.72 -2.88869e-07
17.73 -2.8428e-07
17.74 -2.79876e-07
17.75 -2.7565e-07
17.76 -2.71594e-07
17.77 -2.67703e-07
17.78 -2.63971e-07
17.79 -2.6039e-07
17.8 -2.56955e-07
17.81 -2.5366e-07
17.82 -2.50501e-07
17.83 -2.47471e-07
17.84 -2.44566e-07
17.85 -2.41782e-07
17.86 -2.39113e-07
17.87 -2.36555e-07
17.88 -2.34104e-07
17.89 -2.31757e-07
17.9 -2.29508e-07
17.91 -2.27355e-07
17.92 -2.25293e-07
17.93 -2.23321e-07
17.94 -2.21433e-07
17.95 -2.19627e-07
17.96 -2.179e-07
17.97 -2.16249e-07
17.98 -2.14672e-07
17.99 -2.13165e-07
18 -2.11726e-07
18.01 -2.10352e-07
18.02 -2.09042e-07
18.03 -2.07792e-07
18.04 -2.06601e-07
18.05 -2.05466e-07
18.06 -2.04386e-07
18.07 -2.03359e-07
18.08 -2.02382e-07
18.09 -2.01454e-07
18.1 -2.00573e-07
18.11 -1.99737e-07
18.12 -1.98945e-07
18.13 -1.98196e-07
18.14 -1.97487e-07
18.15 -1.96818e-07
18.16 -1.96186e-07
18.17 -1.95592e-07
18.18 -1.95032e-07
18.19 -1.94507e-07
18.2 -1.94015e-07
18.21 -1.93555e-07
18.22 -1.93126e-07
18.23 -1.92726e-07
18.24 -1.92355e-07
18.25 -1.92012e-07
18.26 -1.91695e-07
18.27 -1.91405e-07
18.28 -1.91139e-07
18.29 -1.90898e-07
18.3 -1.9068e-07
18.31 -1.90485e-07
18.32 -1.90312e-07
18.33 -1.9016e-07
18.34 -1.90029e-07
18.35 -1.89917e-07
18.36 -1.89825e-07
18.37 -1.89751e-07
18.38 -1.89695e-07
18.39 -1.89657e-07
18.4 -1.89636e-07
18.41 -1.89631e-07
18.42 -1.89642e-07
18.43 -1.89668e-07
18.44 -1.8971e-07
18.45 -1.89765e-07
18.46 -1.89835e-07
18.47 -1.89919e-07
18.48 -2.40389e-07
18.49 -2.39384e-07
18.5 0.0180655
18.51 0.0358701
18.52 0.0534122
18.53 0.0706905
18.54 0.0877037
18.55 0.104451
18.56 0.12093
18.57 0.13714
18.58 0.15308
18.59 0.168749
18.6 0.184146
18.61 0.199268
18.62 0.214116
18.63 0.228689
18.64 0.242984
18.65 0.257001
18.66 0.270739
18.67 0.284197
18.68 0.297374
18.69 0.310269
18.7 0.322881
18.71 0.335209
18.72 0.347252
18.73 0.359008
18.74 0.370479
18.75 0.381661
18.76 0.392555
18.77 0.40316
18.78 0.413475
18.79 0.423499
18.8 0.433232
18.81 0.442672
18.82 0.451819
18.83 0.460673
18.84 0.469232
18.85 0.477496
18.86 0.485465
18.87 0.493137
18.88 0.500513
18.89 0.507591
18.9 0.514371
18.91 0.520853
18.92 0.527036
18.93 0.53292
18.94 0.538504
18.95 0.543788
18.96 0.548771
18.97 0.553453
18.98 0.557834
18.99 0.561914
19 0.565691
19.01 0.569088
19.02 0.57212
19.03 0.574803
19.04 0.577153
19.05 0.579186
19.06 0.580915
19.07 0.582354
19.08 0.583514
19.09 0.584407
19.1 0.585045
19.11 0.585438
19.12 0.585595
19.13 0.585526
19.14 0.585239
19.15 0.584743
19.16 0.584046
19.17 0.583155
19.18 0.582077
19.19 0.580818
19.2 0.579386
19.21 0.577787
19.22 0.576025
19.23 0.574107
19.24 0.572037
19.25 0.569822
19.26 0.567464
19.27 0.564969
19.28 0.562342
19.29 0.559585
19.3 0.556703
19.31 0.5537
19.32 0.55058
19.33 0.547344
19.34 0.543998
19.35 0.540543
19.36 0.536983
19.37 0.533319
19.38 0.529556
19.39 0.525695
19.4 0.521739
19.41 0.51769
19.42 0.51355
19.43 0.509321
19.44 0.505004
19.45 0.500603
19.46 0.496118
19.47 0.491551
19.48 0.486904
19.49 0.482178
19.5 0.477374
19.51 0.472495
19.52 0.467539
19.53 0.462511
19.54 0.457409
19.55 0.452235
19.56 0.44699
19.57 0.441675
19.58 0.436291
19.59 0.430838
19.6 0.425318
19.61 0.41973
19.62 0.414075
19.63 0.408354
19.64 0.402567
19.65 0.396715
19.66 0.390798
19.67 0.384816
19.68 0.378769
19.69 -1.47336
19.7 -1.46219
19.71 -1.47952
19.72 -1.49701
19.73 -1.51376
19.74 -1.52978
19.75 -1.54511
19.76 -1.55977
19.77 -1.57381
19.78 -1.58726
19.79 -1.60014
19.8 -1.61248
19.81 -1.62431
19.82 -1.63565
19.83 -1.64653
19.84 -1.65696
19.85 -1.66697
19.86 -1.67657
19.87 -1.68578
19.88 -1.69462
19.89 -1.70311
19.9 -1.71126
19.91 -1.71908
19.92 -1.72659
19.93 -1.7338
19.94 -1.74073
19.95 -1.74738
19.96 -1.75377
19.97 -1.75991
19.98 -1.7658
19.99 -1.77147
20 -1.77691
20.01 -1.78213
20.02 -1.78715
20.03 -1.79197
20.04 -1.7966
20.05 -1.80105
20.06 -1.80532
20.07 -1.80943
20.08 -1.81337
20.09 -1.81715
20.1 -1.82079
20.11 -1.82428
20.12 -1.82763
20.13 -1.83084
20.14 -1.83393
20.15 -1.83689
20.16 -1.83973
20.17 -1.84245
20.18 -1.84507
20.19 -1.84757
20.2 -1.84998
20.21 -1.85228
20.22 -1.85449
20.23 -1.8566
20.24 -1.85863
20.25 -1.86057
20.26 -1.86242
20.27 -1.8642
20.28 -1.8659
20.29 -1.86752
20.3 -1.86907
20.31 -1.87056
20.32 -1.87197
20.33 -1.87332
20.34 -1.87461
20.35 -1.87584
20.36 -1.877
20.37 -1.87812
20.38 -1.87918
20.39 -1.88018
20.4 -1.88114
20.41 -1.88204
20.42 -0.516533
20.43 -0.519125
20.44 -0.539086
20.45 -0.558711
20.46 -0.577416
20.47 -0.595232
20.48 -0.612212
20.49 -0.628403
20.5 -0.643848
20.51 -0.658587
20.52 -0.67266
20.53 -0.686099
20.54 -0.698938
20.55 -0.711208
20.56 -0.722936
20.57 -0.734149
20.58 -0.744872
20.59 -0.755128
20.6 -0.764939
20.61 -0.774327
20.62 -0.783309
20.63 -0.791906
20.64 -0.800134
20.65 -0.808009
20.66 -0.815547
20.67 -0.822764
20.68 -0.829672
20.69 -0.836285
20.7 -0.842615
20.71 -0.848675
20.72 -0.854476
20.73 -0.860028
20.74 -0.865343
20.75 -0.870429
20.76 -0.875295
20.77 -0.879952
20.78 -0.884406
20.79 -0.888667
20.8 -0.892742
20.81 -0.896639
20.82 -0.900363
20.83 -0.903923
20.84 -0.907324
20.85 -0.910573
20.86 -0.913675
20.87 -0.916636
20.88 -0.919462
20.89 -0.922157
20.9 -0.924727
20.91 -0.927176
20.92 -0.929509
20.93 -0.931729
20.94 -0.933842
20.95 -0.935851
20.96 -0.93776
20.97 -0.939573
20.98 -0.941293
20.99 -0.942923
21 -0.944467
21.01 -0.945928
21.02 -0.947309
21.03 -0.948612
21.04 -0.949841
21.05 -0.950998
21.06 -0.952086
21.07 -0.953107
21.08 -0.954063
21.09 -0.954956
21.1 -0.95579
21.11 -0.956565
21.12 -0.957284
21.13 -0.957949
21.14 -0.958562
21.15 -0.959124
21.16 -0.959637
21.17 -0.960103
21.18 -0.960523
21.19 -0.960899
21.2 -0.961233
21.21 -0.961525
21.22 -0.961777
21.23 -0.961991
21.24 -0.962167
21.25 -0.962307
21.26 -0.0952005
21.27 -0.0975374
21.28 -0.109568
21.29 -0.121366
21.3 -0.132654
21.31 -0.14345
21.32 -0.153777
21.33 -0.163655
21.34 -0.173105
21.35 -0.182148
21.36 -0.1908
21.37 -0.199081
21.38 -0.207006
21.39 -0.21459
21.4 -0.221848
21.41 -0.228795
21.42 -0.235444
21.43 -0.241807
21.44 -0.247896
21.45 -0.253723
21.46 -0.259298
21.47 -0.264632
21.48 -0.269735
21.49 -0.274615
21.5 -0.279283
21.51 -0.283746
21.52 -0.288013
21.53 -0.292091
21.54 -0.295988
21.55 -0.299711
21.56 -0.303266
21.57 -0.306661
21.58 -0.309901
21.59 -0.312993
21.6 -0.315942
21.61 -0.318753
21.62 -0.321431
21.63 -0.323983
21.64 -0.326411
21.65 -0.328722
21.66 -0.330919
21.67 -0.333007
21.68 -0.33499
21.69 -0.33687
21.7 -0.338654
21.71 -0.340342
21.72 -0.34194
21.73 -0.343451
21.74 -0.344877
21.75 -0.346221
21.76 -0.347488
21.77 -0.348678
21.78 -0.349796
21.79 -0.350842
21.8 -0.351821
21.81 -0.352735
21.82 -0.353585
21.83 -0.354373
21.84 -0.355103
21.85 -0.355776
21.86 -0.356393
21.87 -0.356958
21.88 -0.35747
21.89 -0.357934
21.9 -0.358349
21.91 -0.358717
21.92 -0.359041
21.93 -0.359321
21.94 -0.359559
21.95 -0.359757
21.96 -0.359915
21.97 -0.360035
21.98 -0.360118
21.99 -0.360165
22 -0.360178
22.01 -0.360157
22.02 -0.360104
22.03 -0.360019
22.04 -0.359903
22.05 0.0743454
22.06 0.0721741
22.07 0.0654143
22.08 0.0588068
22.09 0.0524692
22.1 0.0463936
22.11 0.0405693
22.12 0.034986
22.13 0.0296338
22.14 0.0245033
22.15 0.0195855
22.16 0.014872
22.17 0.0103544
22.18 0.0060251
22.19 0.00187649
22.2 -0.00209854
22.21 -0.00590681
22.22 -0.00955486
22.23 -0.0130489
22.24 -0.016395
22.25 -0.0195988
22.26 -0.0226659
22.27 -0.0256014
22.28 -0.0284105
22.29 -0.0310978
22.3 -0.0336681
22.31 -0.0361258
22.32 -0.0384751
22.33 -0.0407202
22.34 -0.0428648
22.35 -0.0449127
22.36 -0.0468676
22.37 -0.0487329
22.38 -0.0505119
22.39 -0.0522078
22.4 -0.0538235
22.41 -0.0553621
22.42 -0.0568264
22.43 -0.058219
22.44 -0.0595426
22.45 -0.0607996
22.46 -0.0619924
22.47 -0.0631233
22.48 -0.0641946
22.49 -0.0652083
22.5 -0.0661665
22.51 -0.0670711
22.52 -0.067924
22.53 -0.0687271
22.54 -0.0694821
22.55 -0.0701906
22.56 -0.0708542
22.57 -0.0714746
22.58 -0.0720531
22.59 -0.0725912
22.6 -0.0730904
22.61 -0.0735518
22.62 -0.0739768
22.63 -0.0743667
22.64 -0.0747225
22.65 -0.0750454
22.66 -0.0753366
22.67 -0.075597
22.68 -0.0758276
22.69 -0.0760295
22.7 -0.0762036
22.71 -0.0763507
22.72 -0.0764717
22.73 -0.0765675
22.74 -0.0766389
22.75 -0.0766865
22.76 -0.0767113
22.77 -0.0767138
22.78 -0.0766948
22.79 -0.0766549
22.8 -0.0765947
22.81 -0.0765149
22.82 -0.0764161
22.83 0.0840061
22.84 0.0826107
22.85 0.0795593
22.86 0.0765865
22.87 0.0737328
22.88 0.0709947
22.89 0.0683676
22.9 0.0658472
22.91 0.0634294
22.92 0.06111
22.93 0.0588854
22.94 0.0567517
22.95 0.0547055
22.96 0.0527434
22.97 0.0508622
22.98 0.0490587
22.99 0.0473301
23 0.0456733
23.01 0.0440858
23.02 0.0425648
23.03 0.0411079
23.04 0.0397127
23.05 0.0383767
23.06 0.0370979
23.07 0.035874
23.08 0.034703
23.09 0.0335829
23.1 0.0325119
23.11 0.0314882
23.12 0.0305099
23.13 0.0295755
23.14 0.0286832
23.15 0.0278317
23.16 0.0270193
23.17 0.0262446
23.18 0.0255064
23.19 0.0248032
23.2 0.0241339
23.21 0.0234971
23.22 0.0228918
23.23 0.0223168
23.24 0.021771
23.25 0.0212534
23.26 0.020763
23.27 0.0202988
23.28 0.01986
23.29 0.0194455
23.3 0.0190546
23.31 0.0186865
23.32 0.0183404
23.33 0.0180154
23.34 0.0177109
23.35 0.0174262
23.36 0.0171606
23.37 0.0169135
23.38 0.0166841
23.39 0.016472
23.4 0.0162765
23.41 0.0160971
23.42 0.0159333
23.43 0.0157845
23.44 0.0156502
23.45 0.01553
23.46 0.0154234
23.47 0.0153299
23.48 0.0152492
23.49 0.0151808
23.5 0.0151243
23.51 0.0150794
23.52 0.0150457
23.53 0.0150228
23.54 0.0150104
23.55 0.0150082
23.56 0.0150158
23.57 0.015033
23.58 0.0150595
23.59 0.0150949
23.6 0.0151391
23.61 0.0151917
23.62 0.0488226
23.63 0.0481991
23.64 0.0472432
23.65 0.0463166
23.66 0.0454271
23.67 0.0445735
23.68 0.0437545
23.69 0.0429686
23.7 0.0422147
23.71 0.0414915
23.72 0.0407977
23.73 0.0401323
23.74 0.0394941
23.75 0.0388822
23.76 0.0382955
23.77 0.037733
23.78 0.0371939
23.79 0.0366772
23.8 0.0361822
23.81 0.0357079
23.82 0.0352537
23.83 0.0348187
23.84 0.0344022
23.85 0.0340036
23.86 0.0336222
23.87 0.0332573
23.88 0.0329084
23.89 0.0325748
23.9 0.032256
23.91 0.0319514
23.92 0.0316606
23.93 0.031383
23.94 0.0311181
23.95 0.0308654
23.96 0.0306246
23.97 0.0303952
23.98 0.0301768
23.99 0.029969
24 0.0297714
24.01 0.0295837
24.02 0.0294055
24.03 0.0292364
24.04 0.0290762
24.05 0.0289245
24.06 0.028781
24.07 0.0286454
24.08 0.0285176
24.09 0.0283971
24.1 0.0282838
24.11 0.0281774
24.12 0.0280776
24.13 0.0279842
24.14 0.0278971
24.15 0.027816
24.16 0.0277406
24.17 0.0276709
24.18 0.0276065
24.19 0.0275474
24.2 0.0274934
24.21 0.0274442
24.22 0.0273998
24.23 0.0273599
24.24 0.0273245
24.25 0.0272933
24.26 0.0272663
24.27 0.0272433
24.28 0.0272241
24.29 0.0272087
24.3 0.027197
24.31 0.0271888
24.32 0.027184
24.33 0.0271824
24.34 0.0271841
24.35 0.0271889
24.36 0.0271968
24.37 0.0272075
24.38 0.0272211
24.39 0.0272374
24.4 0.0206635
24.41 0.020461
24.42 0.020333
24.43 0.020212
24.44 0.0200959
24.45 0.0199844
24.46 0.0198775
24.47 0.0197749
24.48 0.0196765
24.49 0.019582
24.5 0.0194914
24.51 0.0194045
24.52 0.0193212
24.53 0.0192413
24.54 0.0191647
24.55 0.0190912
24.56 0.0190208
24.57 0.0189533
24.58 0.0188887
24.59 0.0188267
24.6 0.0187674
24.61 0.0187106
24.62 0.0186562
24.63 0.0186041
24.64 0.0185542
24.65 0.0185066
24.66 0.018461
24.67 0.0184174
24.68 0.0183757
24.69 0.0183359
24.7 0.0182979
24.71 0.0182616
24.72 0.0182269
24.73 0.0181939
24.74 0.0181624
24.75 0.0181324
24.76 0.0181038
24.77 0.0180767
24.78 0.0180508
24.79 0.0180262
24.8 0.0180029
24.81 0.0179808
24.82 0.0179598
24.83 0.0179399
24.84 0.0179211
24.85 0.0179033
24.86 0.0178866
24.87 0.0178708
24.88 0.0178559
24.89 0.0178419
24.9 0.0178288
24.91 0.0178166
24.92 0.0178051
24.93 0.0177944
24.94 0.0177845
24.95 0.0177753
24.96 0.0177669
24.97 0.0177591
24.98 0.0177519
24.99 0.0177454
25 0.0177395
25.01 0.0177342
25.02 0.0177295
25.03 0.0177254
25.04 0.0177217
25.05 0.0177186
25.06 0.0177161
25.07 0.017714
25.08 0.0177123
25.09 0.0177112
25.1 0.0177104
25.11 0.0177101
25.12 0.0177103
25.13 0.0177108
25.14 0.0177117
25.15 0.017713
25.16 0.0177147
25.17 0.0177167
25.18 0.00576842
25.19 0.00574205
25.2 0.00584178
25.21 0.00594074
25.22 0.0060358
25.23 0.00612702
25.24 0.00621456
25.25 0.00629855
25.26 0.00637913
25.27 0.00645644
25.28 0.00653061
25.29 0.00660174
25.3 0.00666997
25.31 0.00673539
25.32 0.00679813
25.33 0.00685827
25.34 0.00691592
25.35 0.00697118
25.36 0.00702413
25.37 0.00707486
25.38 0.00712345
25.39 0.00716999
25.4 0.00721455
25.41 0.00725721
25.42 0.00729803
25.43 0.00733708
25.44 0.00737444
25.45 0.00741016
25.46 0.0074443
25.47 0.00747692
25.48 0.00750808
25.49 0.00753783
25.5 0.00756622
25.51 0.0075933
25.52 0.00761912
25.53 0.00764373
25.54 0.00766716
25.55 0.00768946
25.56 0.00771067
25.57 0.00773083
25.58 0.00774998
25.59 0.00776815
25.6 0.00778538
25.61 0.00780169
25.62 0.00781714
25.63 0.00783173
25.64 0.00784551
25.65 0.0078585
25.66 0.00787072
25.67 0.00788222
25.68 0.007893
25.69 0.0079031
25.7 0.00791253
25.71 0.00792133
25.72 0.00792951
25.73 0.00793709
25.74 0.0079441
25.75 0.00795055
25.76 0.00795646
25.77 0.00796185
25.78 0.00796674
25.79 0.00797114
25.8 0.00797507
25.81 0.00797854
25.82 0.00798157
25.83 0.00798418
25.84 0.00798637
25.85 0.00798817
25.86 0.00798957
25.87 0.00799061
25.88 0.00799128
25.89 0.00799159
25.9 0.00799157
25.91 0.00799122
25.92 0.00799054
25.93 0.00798956
25.94 0.00798827
25.95 0.00798669
25.96 0.00018337
25.97 0.000204891
25.98 0.000307909
25.99 0.000408923
26 0.000505921
26.01 0.000599007
26.02 0.000688332
26.03 0.000774042
26.04 0.000856278
26.05 0.000935174
26.06 0.00101086
26.07 0.00108346
26.08 0.00115309
26.09 0.00121986
26.1 0.00128389
26.11 0.00134527
26.12 0.00140412
26.13 0.00146052
26.14 0.00151457
26.15 0.00156636
26.16 0.00161597
26.17 0.00166348
26.18 0.00170898
26.19 0.00175253
26.2 0.00179421
26.21 0.0018341
26.22 0.00187225
26.23 0.00190872
26.24 0.0019436
26.25 0.00197692
26.26 0.00200875
26.27 0.00203915
26.28 0.00206815
26.29 0.00209583
26.3 0.00212222
26.31 0.00214736
26.32 0.00217132
26.33 0.00219412
26.34 0.00221581
26.35 0.00223643
26.36 0.00225602
26.37 0.00227461
26.38 0.00229224
26.39 0.00230894
26.4 0.00232475
26.41 0.0023397
26.42 0.00235381
26.43 0.00236712
26.44 0.00237965
26.45 0.00239144
26.46 0.0024025
26.47 0.00241287
26.48 0.00242256
26.49 0.0024316
26.5 0.00244001
26.51 0.00244781
26.52 0.00245502
26.53 0.00246167
26.54 0.00246777
26.55 0.00247334
26.56 0.00247839
26.57 0.00248295
26.58 0.00248703
26.59 0.00249065
26.6 0.00249382
26.61 0.00249655
26.62 0.00249886
26.63 0.00250077
26.64 0.00250228
26.65 0.00250341
26.66 0.00250417
26.67 0.00250457
26.68 0.00250462
26.69 0.00250434
26.7 0.00250373
26.71 0.00250281
26.72 0.00250158
26.73 0.00250005
26.74 -0.00103298
26.75 -0.00101109
26.76 -0.000952523
26.77 -0.000895336
26.78 -0.000840428
26.79 -0.000787734
26.8 -0.000737168
26.81 -0.000688647
26.82 -0.000642093
26.83 -0.000597429
26.84 -0.000554581
26.85 -0.00051348
26.86 -0.000474059
26.87 -0.000436254
26.88 -0.000400002
26.89 -0.000365244
26.9 -0.000331924
26.91 -0.000299986
26.92 -0.000269379
26.93 -0.000240053
26.94 -0.000211958
26.95 -0.000185049
26.96 -0.000159281
26.97 -0.000134612
26.98 -0.000111001
26.99 -8.8408e-05
27 -6.67956e-05
27.01 -4.61274e-05
27.02 -2.63687e-05
27.03 -7.48605e-06
27.04 1.05528e-05
27.05 2.77787e-05
27.06 4.42213e-05
27.07 5.99092e-05
27.08 7.48697e-05
27.09 8.91292e-05
27.1 0.000102713
27.11 0.000115645
27.12 0.000127949
27.13 0.000139648
27.14 0.000150763
27.15 0.000161314
27.16 0.000171323
27.17 0.000180807
27.18 0.000189786
27.19 0.000198277
27.2 0.000206297
27.21 0.000213863
27.22 0.00022099
27.23 0.000227695
27.24 0.00023399
27.25 0.000239891
27.26 0.00024541
27.27 0.000250562
27.28 0.000255358
27.29 0.000259811
27.3 0.000263931
27.31 0.000267731
27.32 0.000271221
27.33 0.000274411
27.34 0.000277311
27.35 0.000279932
27.36 0.000282281
27.37 0.000284368
27.38 0.000286201
27.39 0.000287789
27.4 0.000289139
27.41 0.00029026
27.42 0.000291158
27.43 0.00029184
27.44 0.000292313
27.45 0.000292585
27.46 0.00029266
27.47 0.000292545
27.48 0.000292246
27.49 0.000291768
27.5 0.000291117
27.51 0.000290298
27.52 0.000289316
27.53 -0.000811807
27.54 -0.000799796
27.55 -0.000776635
27.56 -0.000754106
27.57 -0.000732477
27.58 -0.000711722
27.59 -0.000691805
27.6 -0.000672696
27.61 -0.000654362
27.62 -0.000636773
27.63 -0.000619901
27.64 -0.000603718
27.65 -0.000588198
27.66 -0.000573315
27.67 -0.000559046
27.68 -0.000545366
27.69 -0.000532253
27.7 -0.000519686
27.71 -0.000507644
27.72 -0.000496107
27.73 -0.000485057
27.74 -0.000474475
27.75 -0.000464344
27.76 -0.000454646
27.77 -0.000445366
27.78 -0.000436488
27.79 -0.000427998
27.8 -0.00041988
27.81 -0.000412122
27.82 -0.00040471
27.83 -0.000397631
27.84 -0.000390873
27.85 -0.000384425
27.86 -0.000378275
27.87 -0.000372413
27.88 -0.000366828
27.89 -0.000361509
27.9 -0.000356449
27.91 -0.000351636
27.92 -0.000347063
27.93 -0.000342721
27.94 -0.000338602
27.95 -0.000334697
27.96 -0.000331
27.97 -0.000327502
27.98 -0.000324198
27.99 -0.00032108
28 -0.000318141
28.01 -0.000315376
28.02 -0.000312779
28.03 -0.000310343
28.04 -0.000308064
28.05 -0.000305935
28.06 -0.000303952
28.07 -0.00030211
28.08 -0.000300404
28.09 -0.000298829
28.1 -0.000297382
28.11 -0.000296057
28.12 -0.000294851
28.13 -0.000293759
28.14 -0.000292779
28.15 -0.000291906
28.16 -0.000291137
28.17 -0.000290469
28.18 -0.000289898
28.19 -0.000289421
28.2 -0.000289035
28.21 -0.000288738
28.22 -0.000288526
28.23 -0.000288397
28.24 -0.000288348
28.25 -0.000288377
28.26 -0.000288482
28.27 -0.000288659
28.28 -0.000288908
28.29 -0.000289225
28.3 -0.000289609
28.31 -0.000419949
28.32 -0.000415034
28.33 -0.000408895
28.34 -0.000402967
28.35 -0.000397277
28.36 -0.000391817
28.37 -0.000386577
28.38 -0.00038155
28.39 -0.000376726
28.4 -0.000372098
28.41 -0.000367659
28.42 -0.000363401
28.43 -0.000359318
28.44 -0.000355402
28.45 -0.000351647
28.46 -0.000348047
28.47 -0.000344596
28.48 -0.000341289
28.49 -0.00033812
28.5 -0.000335084
28.51 -0.000332175
28.52 -0.00032939
28.53 -0.000326723
28.54 -0.00032417
28.55 -0.000321727
28.56 -0.00031939
28.57 -0.000317155
28.58 -0.000315015
28.59 -0.00031297
28.6 -0.000311016
28.61 -0.000309149
28.62 -0.000307367
28.63 -0.000305667
28.64 -0.000304045
28.65 -0.000302499
28.66 -0.000301025
28.67 -0.000299622
28.68 -0.000298287
28.69 -0.000297016
28.7 -0.000295809
28.71 -0.000294663
28.72 -0.000293575
28.73 -0.000292544
28.74 -0.000291567
28.75 -0.000290643
28.76 -0.000289769
28.77 -0.000288945
28.78 -0.000288168
28.79 -0.000287436
28.8 -0.000286749
28.81 -0.000286104
28.82 -0.0002855
28.83 -0.000284935
28.84 -0.000284409
28.85 -0.000283921
28.86 -0.000283467
28.87 -0.000283049
28.88 -0.000282664
28.89 -0.000282311
28.9 -0.000281989
28.91 -0.000281698
28.92 -0.000281435
28.93 -0.000281201
28.94 -0.000280994
28.95 -0.000280814
28.96 -0.000280659
28.97 -0.000280529
28.98 -0.000280423
28.99 -0.00028034
29 -0.00028028
29.01 -0.000280241
29.02 -0.000280224
29.03 -0.000280227
29.04 -0.00028025
29.05 -0.000280292
29.06 -0.000280352
29.07 -0.000280431
29.08 -0.000280527
29.09 -0.000154316
29.1 -0.000153025
29.11 -0.000153099
29.12 -0.000153204
29.13 -0.000153305
29.14 -0.000153402
29.15 -0.000153496
29.16 -0.000153585
29.17 -0.000153671
29.18 -0.000153754
29.19 -0.000153833
29.2 -0.000153909
29.21 -0.000153982
29.22 -0.000154051
29.23 -0.000154118
29.24 -0.000154182
29.25 -0.000154244
29.26 -0.000154303
29.27 -0.000154359
29.28 -0.000154414
29.29 -0.000154465
29.3 -0.000154515
29.31 -0.000154563
29.32 -0.000154608
29.33 -0.000154652
29.34 -0.000154693
29.35 -0.000154733
29.36 -0.000154771
29.37 -0.000154808
29.38 -0.000154843
29.39 -0.000154876
29.4 -0.000154908
29.41 -0.000154938
29.42 -0.000154967
29.43 -0.000154994
29.44 -0.000155021
29.45 -0.000155046
29.46 -0.00015507
29.47 -0.000155092
29.48 -0.000155114
29.49 -0.000155134
29.5 -0.000155154
29.51 -0.000155172
29.52 -0.000155189
29.53 -0.000155206
29.54 -0.000155222
29.55 -0.000155236
29.56 -0.00015525
29.57 -0.000155263
29.58 -0.000155276
29.59 -0.000155287
29.6 -0.000155298
29.61 -0.000155308
29.62 -0.000155318
29.63 -0.000155326
29.64 -0.000155334
29.65 -0.000155342
29.66 -0.000155349
29.67 -0.000155355
29.68 -0.000155361
29.69 -0.000155366
29.7 -0.000155371
29.71 -0.000155375
29.72 -0.000155379
29.73 -0.000155382
29.74 -0.000155385
29.75 -0.000155388
29.76 -0.00015539
29.77 -0.000155391
29.78 -0.000155392
29.79 -0.000155393
29.8 -0.000155393
29.81 -0.000155393
29.82 -0.000155393
29.83 -0.000155392
29.84 -0.000155391
29.85 -0.00015539
29.86 -0.000155388
29.87 -3.20483e-05
29.88 -3.20712e-05
29.89 -3.33944e-05
29.9 -3.46982e-05
29.91 -3.59504e-05
29.92 -3.7152e-05
29.93 -3.83051e-05
29.94 -3.94116e-05
29.95 -4.04732e-05
29.96 -4.14917e-05
29.97 -4.24688e-05
29.98 -4.34061e-05
29.99 -4.4305e-05
30 -4.51671e-05
30.01 -4.59937e-05
30.02 -4.67863e-05
30.03 -4.75461e-05
30.04 -4.82743e-05
30.05 -4.89722e-05
30.06 -4.96409e-05
30.07 -5.02815e-05
30.08 -5.08951e-05
30.09 -5.14826e-05
30.1 -5.2045e-05
30.11 -5.25834e-05
30.12 -5.30985e-05
30.13 -5.35912e-05
30.14 -5.40624e-05
30.15 -5.45128e-05
30.16 -5.49433e-05
30.17 -5.53545e-05
30.18 -5.57472e-05
30.19 -5.6122e-05
30.2 -5.64796e-05
30.21 -5.68206e-05
30.22 -5.71456e-05
30.23 -5.74552e-05
30.24 -5.77499e-05
30.25 -5.80303e-05
30.26 -5.82969e-05
30.27 -5.85502e-05
30.28 -5.87906e-05
30.29 -5.90186e-05
30.3 -5.92347e-05
30.31 -5.94392e-05
30.32 -5.96326e-05
30.33 -5.98153e-05
30.34 -5.99876e-05
30.35 -6.01499e-05
30.36 -6.03026e-05
30.37 -6.04459e-05
30.38 -6.05802e-05
30.39 -6.07058e-05
30.4 -6.08231e-05
30.41 -6.09322e-05
30.42 -6.10334e-05
30.43 -6.11271e-05
30.44 -6.12135e-05
30.45 -6.12928e-05
30.46 -6.13653e-05
30.47 -6.14312e-05
30.48 -6.14906e-05
30.49 -6.15439e-05
30.5 -6.15912e-05
30.51 -6.16327e-05
30.52 -6.16686e-05
30.53 -6.16991e-05
30.54 -6.17244e-05
30.55 -6.17445e-05
30.56 -6.17598e-05
30.57 -6.17702e-05
30.58 -6.17761e-05
30.59 -6.17775e-05
30.6 -6.17745e-05
30.61 -6.17674e-05
30.62 -6.17562e-05
30.63 -6.1741e-05
30.64 -6.1722e-05
30.65 -6.16992e-05
30.66 6.6811e-06
30.67 6.40693e-06
30.68 5.4274e-06
30.69 4.46877e-06
30.7 3.54832e-06
30.71 2.66503e-06
30.72 1.81745e-06
30.73 1.00421e-06
30.74 2.23979e-07
30.75 -5.24529e-07
30.76 -1.24253e-06
30.77 -1.9312e-06
30.78 -2.59166e-06
30.79 -3.225e-06
30.8 -3.83224e-06
30.81 -4.41438e-06
30.82 -4.97238e-06
30.83 -5.50714e-06
30.84 -6.01955e-06
30.85 -6.51045e-06
30.86 -6.98064e-06
30.87 -7.43091e-06
30.88 -7.862e-06
30.89 -8.27462e-06
30.9 -8.66946e-06
30.91 -9.04718e-06
30.92 -9.40842e-06
30.93 -9.75378e-06
30.94 -1.00838e-05
30.95 -1.03992e-05
30.96 -1.07003e-05
30.97 -1.09878e-05
30.98 -1.12621e-05
30.99 -1.15237e-05
31 -1.1773e-05
31.01 -1.20106e-05
31.02 -1.22368e-05
31.03 -1.2452e-05
31.04 -1.26567e-05
31.05 -1.28512e-05
31.06 -1.30358e-05
31.07 -1.32109e-05
31.08 -1.3377e-05
31.09 -1.35341e-05
31.1 -1.36828e-05
31.11 -1.38233e-05
31.12 -1.39558e-05
31.13 -1.40807e-05
31.14 -1.41982e-05
31.15 -1.43085e-05
31.16 -1.4412e-05
31.17 -1.45088e-05
31.18 -1.45992e-05
31.19 -1.46834e-05
31.2 -1.47616e-05
31.21 -1.4834e-05
31.22 -1.49008e-05
31.23 -1.49622e-05
31.24 -1.50184e-05
31.25 -1.50695e-05
31.26 -1.51157e-05
31.27 -1.51572e-05
31.28 -1.51941e-05
31.29 -1.52266e-05
31.3 -1.52548e-05
31.31 -1.52789e-05
31.32 -1.5299e-05
31.33 -1.53152e-05
31.34 -1.53276e-05
31.35 -1.53364e-05
31.36 -1.53416e-05
31.37 -1.53434e-05
31.38 -1.5342e-05
31.39 -1.53373e-05
31.4 -1.53294e-05
31.41 -1.53186e-05
31.42 -1.53049e-05
31.43 -1.52882e-05
31.44 1.2012e-05
31.45 1.18026e-05
31.46 1.13135e-05
31.47 1.08367e-05
31.48 1.03789e-05
31.49 9.93959e-06
31.5 9.51803e-06
31.51 9.11354e-06
31.52 8.72545e-06
31.53 8.35314e-06
31.54 7.996e-06
31.55 7.65343e-06
31.56 7.32489e-06
31.57 7.00984e-06
31.58 6.70775e-06
31.59 6.41815e-06
31.6 6.14054e-06
31.61 5.87448e-06
31.62 5.61954e-06
31.63 5.37528e-06
31.64 5.14132e-06
31.65 4.91726e-06
31.66 4.70273e-06
31.67 4.49738e-06
31.68 4.30087e-06
31.69 4.11286e-06
31.7 3.93305e-06
31.71 3.76113e-06
31.72 3.5968e-06
31.73 3.4398e-06
31.74 3.28985e-06
31.75 3.14669e-06
31.76 3.01008e-06
31.77 2.87978e-06
31.78 2.75556e-06
31.79 2.6372e-06
31.8 2.52449e-06
31.81 2.41723e-06
31.82 2.31521e-06
31.83 2.21826e-06
31.84 2.1262e-06
31.85 2.03884e-06
31.86 1.95603e-06
31.87 1.8776e-06
31.88 1.8034e-06
31.89 1.73328e-06
31.9 1.6671e-06
31.91 1.60472e-06
31.92 1.54601e-06
31.93 1.49084e-06
31.94 1.4391e-06
31.95 1.39065e-06
31.96 1.3454e-06
31.97 1.30322e-06
31.98 1.26402e-06
31.99 1.2277e-06
32 1.19416e-06
32.01 1.1633e-06
32.02 1.13504e-06
32.03 1.1093e-06
32.04 1.08597e-06
32.05 1.065e-06
32.06 1.04629e-06
32.07 1.02979e-06
32.08 1.0154e-06
32.09 1.00308e-06
32.1 9.92742e-07
32.11 9.84334e-07
32.12 9.77793e-07
32.13 9.73059e-07
32.14 9.70076e-07
32.15 9.6879e-07
32.16 9.69148e-07
32.17 9.711e-07
32.18 9.74598e-07
32.19 9.79594e-07
32.2 9.86044e-07
32.21 9.93904e-07
32.22 7.86211e-06
32.23 7.75827e-06
32.24 7.58531e-06
32.25 7.41742e-06
32.26 7.25625e-06
32.27 7.10158e-06
32.28 6.95316e-06
32.29 6.81075e-06
32.3 6.67411e-06
32.31 6.54302e-06
32.32 6.41727e-06
32.33 6.29665e-06
32.34 6.18097e-06
32.35 6.07003e-06
32.36 5.96365e-06
32.37 5.86167e-06
32.38 5.76391e-06
32.39 5.67021e-06
32.4 5.58042e-06
32.41 5.49439e-06
32.42 5.41198e-06
32.43 5.33306e-06
32.44 5.25749e-06
32.45 5.18515e-06
32.46 5.11592e-06
32.47 5.04968e-06
32.48 4.98632e-06
32.49 4.92574e-06
32.5 4.86784e-06
32.51 4.8125e-06
32.52 4.75965e-06
32.53 4.70919e-06
32.54 4.66103e-06
32.55 4.61509e-06
32.56 4.57128e-06
32.57 4.52954e-06
32.58 4.48979e-06
32.59 4.45195e-06
32.6 4.41596e-06
32.61 4.38175e-06
32.62 4.34925e-06
32.63 4.31841e-06
32.64 4.28917e-06
32.65 4.26148e-06
32.66 4.23526e-06
32.67 4.21049e-06
32.68 4.18709e-06
32.69 4.16504e-06
32.7 4.14427e-06
32.71 4.12475e-06
32.72 4.10643e-06
32.73 4.08928e-06
32.74 4.07324e-06
32.75 4.05829e-06
32.76 4.04438e-06
32.77 4.03149e-06
32.78 4.01957e-06
32.79 4.0086e-06
32.8 3.99853e-06
32.81 3.98936e-06
32.82 3.98103e-06
32.83 3.97353e-06
32.84 3.96682e-06
32.85 3.96089e-06
32.86 3.95571e-06
32.87 3.95124e-06
32.88 3.94748e-06
32.89 3.9444e-06
32.9 3.94197e-06
32.91 3.94017e-06
32.92 3.93899e-06
32.93 3.93841e-06
32.94 3.9384e-06
32.95 3.939e-06
32.96 3.9402e-06
32.97 3.94196e-06
32.98 3.94428e-06
32.99 3.94714e-06
33 3.59483e-06
33.01 3.55518e-06
33.02 3.5204e-06
33.03 3.48711e-06
33.04 3.45516e-06
33.05 3.4245e-06
33.06 3.39507e-06
33.07 3.36684e-06
33.08 3.33975e-06
33.09 3.31376e-06
33.1 3.28883e-06
33.11 3.26492e-06
33.12 3.24198e-06
33.13 3.21998e-06
33.14 3.19889e-06
33.15 3.17867e-06
33.16 3.15929e-06
33.17 3.1407e-06
33.18 3.1229e-06
33.19 3.10584e-06
33.2 3.08949e-06
33.21 3.07384e-06
33.22 3.05885e-06
33.23 3.0445e-06
33.24 3.03077e-06
33.25 3.01763e-06
33.26 3.00506e-06
33.27 2.99304e-06
33.28 2.98155e-06
33.29 2.97057e-06
33.3 2.96008e-06
33.31 2.95006e-06
33.32 2.9405e-06
33.33 2.93138e-06
33.34 2.92269e-06
33.35 2.9144e-06
33.36 2.9065e-06
33.37 2.89899e-06
33.38 2.89184e-06
33.39 2.88504e-06
33.4 2.87858e-06
33.41 2.87245e-06
33.42 2.86664e-06
33.43 2.86113e-06
33.44 2.85592e-06
33.45 2.85099e-06
33.46 2.84633e-06
33.47 2.84194e-06
33.48 2.83781e-06
33.49 2.83392e-06
33.5 2.83027e-06
33.51 2.82685e-06
33.52 2.82365e-06
33.53 2.82066e-06
33.54 2.81789e-06
33.55 2.81531e-06
33.56 2.81292e-06
33.57 2.81073e-06
33.58 2.80871e-06
33.59 2.80687e-06
33.6 2.8052e-06
33.61 2.80369e-06
33.62 2.80233e-06
33.63 2.80113e-06
33.64 2.80008e-06
33.65 2.79917e-06
33.66 2.7984e-06
33.67 2.79777e-06
33.68 2.79726e-06
33.69 2.79688e-06
33.7 2.79662e-06
33.71 2.79648e-06
33.72 2.79645e-06
33.73 2.79654e-06
33.74 2.79673e-06
33.75 2.79702e-06
33.76 2.79742e-06
33.77 2.79791e-06
33.78 2.7985e-06
33.79 9.94442e-07
33.8 9.8744e-07
33.81 9.99442e-07
33.82 1.01145e-06
33.83 1.02298e-06
33.84 1.03404e-06
33.85 1.04466e-06
33.86 1.05485e-06
33.87 1.06463e-06
33.88 1.074e-06
33.89 1.083e-06
33.9 1.09163e-06
33.91 1.0999e-06
33.92 1.10783e-06
33.93 1.11544e-06
33.94 1.12273e-06
33.95 1.12972e-06
33.96 1.13642e-06
33.97 1.14284e-06
33.98 1.14899e-06
33.99 1.15488e-06
34 1.16052e-06
34.01 1.16592e-06
34.02 1.17109e-06
34.03 1.17604e-06
34.04 1.18077e-06
34.05 1.18529e-06
34.06 1.18962e-06
34.07 1.19375e-06
34.08 1.1977e-06
34.09 1.20147e-06
34.1 1.20507e-06
34.11 1.20851e-06
34.12 1.21178e-06
34.13 1.2149e-06
34.14 1.21788e-06
34.15 1.22071e-06
34.16 1.22341e-06
34.17 1.22597e-06
34.18 1.2284e-06
34.19 1.23071e-06
34.2 1.23291e-06
34.21 1.23498e-06
34.22 1.23695e-06
34.23 1.23881e-06
34.24 1.24057e-06
34.25 1.24223e-06
34.26 1.24379e-06
34.27 1.24526e-06
34.28 1.24664e-06
34.29 1.24793e-06
34.3 1.24914e-06
34.31 1.25027e-06
34.32 1.25133e-06
34.33 1.2523e-06
34.34 1.25321e-06
34.35 1.25404e-06
34.36 1.25481e-06
34.37 1.25551e-06
34.38 1.25615e-06
34.39 1.25672e-06
34.4 1.25724e-06
34.41 1.2577e-06
34.42 1.25811e-06
34.43 1.25846e-06
34.44 1.25876e-06
34.45 1.259e-06
34.46 1.2592e-06
34.47 1.25936e-06
34.48 1.25946e-06
34.49 1.25953e-06
34.5 1.25955e-06
34.51 1.25952e-06
34.52 1.25946e-06
34.53 1.25936e-06
34.54 1.25922e-06
34.55 1.25905e-06
34.56 1.25883e-06
34.57 -4.27364e-08
34.58 -4.01105e-08
34.59 -2.39522e-08
34.6 -8.09112e-09
34.61 7.1396e-09
34.62 2.17557e-08
34.63 3.57808e-08
34.64 4.9238e-08
34.65 6.21491e-08
34.66 7.45355e-08
34.67 8.64171e-08
34.68 9.78136e-08
34.69 1.08744e-07
34.7 1.19225e-07
34.71 1.29274e-07
34.72 1.38909e-07
34.73 1.48144e-07
34.74 1.56994e-07
34.75 1.65475e-07
34.76 1.736e-07
34.77 1.81383e-07
34.78 1.88836e-07
34.79 1.95972e-07
34.8 2.02803e-07
34.81 2.09339e-07
34.82 2.15593e-07
34.83 2.21574e-07
34.84 2.27292e-07
34.85 2.32757e-07
34.86 2.37979e-07
34.87 2.42966e-07
34.88 2.47727e-07
34.89 2.52269e-07
34.9 2.56602e-07
34.91 2.60733e-07
34.92 2.64669e-07
34.93 2.68416e-07
34.94 2.71983e-07
34.95 2.75374e-07
34.96 2.78597e-07
34.97 2.81658e-07
34.98 2.84561e-07
34.99 2.87314e-07
35 2.89921e-07
35.01 2.92386e-07
35.02 2.94716e-07
35.03 2.96915e-07
35.04 2.98988e-07
35.05 3.00938e-07
35.06 3.02771e-07
35.07 3.04489e-07
35.08 3.06098e-07
35.09 3.076e-07
35.1 3.09e-07
35.11 3.10301e-07
35.12 3.11506e-07
35.13 3.12619e-07
35.14 3.13642e-07
35.15 3.14579e-07
35.16 3.15432e-07
35.17 3.16204e-07
35.18 3.16898e-07
35.19 3.17517e-07
35.2 3.18062e-07
35.21 3.18537e-07
35.22 3.18944e-07
35.23 3.19284e-07
35.24 3.19559e-07
35.25 3.19773e-07
35.26 3.19927e-07
35.27 3.20022e-07
35.28 3.20061e-07
35.29 3.20045e-07
35.3 3.19976e-07
35.31 3.19855e-07
35.32 3.19685e-07
35.33 3.19466e-07
35.34 3.192e-07
35.35 -3.06978e-07
35.36 -3.0352e-07
35.37 -2.93594e-07
35.38 -2.83896e-07
35.39 -2.74584e-07
35.4 -2.65648e-07
35.41 -2.57073e-07
35.42 -2.48845e-07
35.43 -2.40951e-07
35.44 -2.33378e-07
35.45 -2.26113e-07
35.46 -2.19144e-07
35.47 -2.12461e-07
35.48 -2.06052e-07
35.49 -1.99906e-07
35.5 -1.94015e-07
35.51 -1.88367e-07
35.52 -1.82954e-07
35.53 -1.77767e-07
35.54 -1.72798e-07
35.55 -1.68037e-07
35.56 -1.63478e-07
35.57 -1.59113e-07
35.58 -1.54934e-07
35.59 -1.50935e-07
35.6 -1.47109e-07
35.61 -1.4345e-07
35.62 -1.39951e-07
35.63 -1.36606e-07
35.64 -1.3341e-07
35.65 -1.30358e-07
35.66 -1.27444e-07
35.67 -1.24663e-07
35.68 -1.2201e-07
35.69 -1.1948e-07
35.7 -1.1707e-07
35.71 -1.14774e-07
35.72 -1.1259e-07
35.73 -1.10512e-07
35.74 -1.08537e-07
35.75 -1.06661e-07
35.76 -1.04881e-07
35.77 -1.03193e-07
35.78 -1.01594e-07
35.79 -1.00082e-07
35.8 -9.86517e-08
35.81 -9.7302e-08
35.82 -9.60295e-08
35.83 -9.48315e-08
35.84 -9.37055e-08
35.85 -9.26491e-08
35.86 -9.16597e-08
35.87 -9.07352e-08
35.88 -8.98732e-08
35.89 -8.90718e-08
35.9 -8.83288e-08
35.91 -8.76422e-08
35.92 -8.70103e-08
35.93 -8.6431e-08
35.94 -8.59028e-08
35.95 -8.54239e-08
35.96 -8.49927e-08
35.97 -8.46076e-08
35.98 -8.42671e-08
35.99 -8.39698e-08
36 -8.37143e-08
36.01 -8.34992e-08
36.02 -8.33233e-08
36.03 -8.31853e-08
36.04 -8.3084e-08
36.05 -8.30182e-08
36.06 -8.2987e-08
36.07 -8.29891e-08
36.08 -8.30235e-08
36.09 -8.30894e-08
36.1 -8.31857e-08
36.11 -8.33115e-08
36.12 -8.3466e-08
36.13 -2.96258e-07
36.14 -2.9415e-07
36.15 -2.89863e-07
36.16 -2.85691e-07
36.17 -2.81684e-07
36.18 -2.7784e-07
36.19 -2.74151e-07
36.2 -2.70611e-07
36.21 -2.67214e-07
36.22 -2.63956e-07
36.23 -2.6083e-07
36.24 -2.57832e-07
36.25 -2.54956e-07
36.26 -2.52198e-07
36.27 -2.49554e-07
36.28 -2.47018e-07
36.29 -2.44588e-07
36.3 -2.42258e-07
36.31 -2.40026e-07
36.32 -2.37887e-07
36.33 -2.35838e-07
36.34 -2.33876e-07
36.35 -2.31997e-07
36.36 -2.30198e-07
36.37 -2.28476e-07
36.38 -2.26829e-07
36.39 -2.25254e-07
36.4 -2.23747e-07
36.41 -2.22307e-07
36.42 -2.2093e-07
36.43 -2.19616e-07
36.44 -2.1836e-07
36.45 -2.17162e-07
36.46 -2.16019e-07
36.47 -2.14929e-07
36.48 -2.13891e-07
36.49 -2.12901e-07
36.5 -2.11959e-07
36.51 -2.11063e-07
36.52 -2.10212e-07
36.53 -2.09403e-07
36.54 -2.08635e-07
36.55 -2.07907e-07
36.56 -2.07217e-07
36.57 -2.06564e-07
36.58 -2.05946e-07
36.59 -2.05363e-07
36.6 -2.04814e-07
36.61 -2.04296e-07
36.62 -2.03809e-07
36.63 -2.03352e-07
36.64 -2.02924e-07
36.65 -2.02524e-07
36.66 -2.0215e-07
36.67 -2.01803e-07
36.68 -2.01481e-07
36.69 -2.01182e-07
36.7 -2.00908e-07
36.71 -2.00656e-07
36.72 -2.00426e-07
36.73 -2.00217e-07
36.74 -2.00029e-07
36.75 -1.9986e-07
36.76 -1.99711e-07
36.77 -1.9958e-07
36.78 -1.99467e-07
36.79 -1.99371e-07
36.8 -1.99292e-07
36.81 -1.9923e-07
36.82 -1.99183e-07
36.83 -1.99152e-07
36.84 -1.99135e-07
36.85 -1.99133e-07
36.86 -1.99144e-07
36.87 -1.99169e-07
36.88 -1.99207e-07
36.89 -1.99258e-07
36.9 -1.99321e-07
36.91 -2.34285e-07
36.92 -2.33381e-07
36.93 -2.32134e-07
36.94 -2.30927e-07
36.95 -2.29768e-07
36.96 -2.28656e-07
36.97 -2.2759e-07
36.98 -2.26566e-07
36.99 -2.25583e-07
37 -2.24641e-07
37.01 -2.23737e-07
37.02 -2.2287e-07
37.03 -2.22038e-07
37.04 -2.2124e-07
37.05 -2.20475e-07
37.06 -2.19742e-07
37.07 -2.19039e-07
37.08 -2.18365e-07
37.09 -2.17719e-07
37.1 -2.171e-07
37.11 -2.16507e-07
37.12 -2.1594e-07
37.13 -2.15396e-07
37.14 -2.14875e-07
37.15 -2.14377e-07
37.16 -2.13901e-07
37.17 -2.13444e-07
37.18 -2.13008e-07
37.19 -2.12591e-07
37.2 -2.12193e-07
37.21 -2.11812e-07
37.22 -2.11449e-07
37.23 -2.11102e-07
37.24 -2.10771e-07
37.25 -2.10455e-07
37.26 -2.10154e-07
37.27 -2.09868e-07
37.28 -2.09595e-07
37.29 -2.09335e-07
37.3 -2.09088e-07
37.31 -2.07291e-07
37.32 -2.05554e-07
37.33 -2.03906e-07
37.34 -2.02344e-07
37.35 -2.00865e-07
37.36 -1.99467e-07
37.37 -1.98146e-07
37.38 -1.969e-07
37.39 -1.95726e-07
37.4 -1.94622e-07
37.41 -1.93585e-07
37.42 -1.92613e-07
37.43 -1.91704e-07
37.44 -1.90856e-07
37.45 -1.90066e-07
37.46 -1.89332e-07
37.47 -1.88654e-07
37.48 -1.88028e-07
37.49 -1.87453e-07
37.5 -1.86927e-07
37.51 -1.86449e-07
37.52 -1.86018e-07
37.53 -1.85631e-07
