0 -0.400737
0.01 -0.289131
0.02 -0.289107
0.03 -0.289013
0.04 -0.288911
0.05 -0.288808
0.06 -0.288705
0.07 -0.288601
0.08 -0.288496
0.09 -0.309903
0.1 -0.309949
0.11 -0.309981
0.12 -0.309993
0.13 -0.309978
0.14 -0.309927
0.15 -0.309832
0.16 -0.309693
0.17 -0.309517
0.18 -0.309314
0.19 -0.30909
0.2 -0.308853
0.21 -0.308606
0.22 -0.308352
0.23 -0.291701
0.24 -0.291706
0.25 -0.291707
0.26 -0.291701
0.27 -0.291689
0.28 -0.29167
0.29 -0.291643
0.3 -0.291609
0.31 -0.291569
0.32 -0.291524
0.33 -0.291474
0.34 -0.29142
0.35 -0.291364
0.36 -0.304106
0.37 -0.304106
0.38 -0.304097
0.39 -0.304079
0.4 -0.30405
0.41 -0.304011
0.42 -0.30396
0.43 -0.303898
0.44 -0.303825
0.45 -0.303743
0.46 -0.303652
0.47 -0.303554
0.48 -0.303448
0.49 -0.320216
0.5 -0.320208
0.51 -0.320187
0.52 -0.320151
0.53 -0.320099
0.54 -0.32003
0.55 -0.319944
0.56 -0.31984
0.57 -0.319719
0.58 -0.319581
0.59 -0.319429
0.6 -0.319263
0.61 -0.319084
0.62 -0.318169
0.63 -0.31817
0.64 -0.318161
0.65 -0.318143
0.66 -0.318113
0.67 -0.318071
0.68 -0.318017
0.69 -0.317949
0.7 -0.317869
0.71 -0.317776
0.72 -0.317672
0.73 -0.317557
0.74 -0.317432
0.75 -0.343446
0.76 -0.343455
0.77 -0.343448
0.78 -0.343426
0.79 -0.343384
0.8 -0.343322
0.81 -0.343238
0.82 -0.343131
0.83 -0.343002
0.84 -0.342849
0.85 -0.342676
0.86 -0.342482
0.87 -0.342271
0.88 -0.351547
0.89 -0.351572
0.9 -0.351582
0.91 -0.351574
0.92 -0.351545
0.93 -0.351493
0.94 -0.351414
0.95 -0.351308
0.96 -0.351172
0.97 -0.351007
0.98 -0.350815
0.99 -0.350597
1 -0.350357
1.01 -0.350096
1.02 -0.373384
1.03 -0.373419
1.04 -0.37343
1.05 -0.373411
1.06 -0.373358
1.07 -0.373263
1.08 -0.373121
1.09 -0.372928
1.1 -0.372684
1.11 -0.372389
1.12 -0.37205
1.13 -0.371672
1.14 -0.371261
1.15 -0.322018
1.16 -0.322027
1.17 -0.322035
1.18 -0.322042
1.19 -0.322047
1.2 -0.322049
1.21 -0.322049
1.22 -0.322045
1.23 -0.322037
1.24 -0.322026
1.25 -0.322011
1.26 -0.321993
1.27 -0.321974
1.28 -0.321953
1.29 -0.345298
1.3 -0.345352
1.31 -0.345402
1.32 -0.345445
1.33 -0.345478
1.34 -0.345493
1.35 -0.345474
1.36 -0.34541
1.37 -0.345301
1.38 -0.345163
1.39 -0.345008
1.4 -0.344844
1.41 -0.344674
1.42 -0.335281
1.43 -0.335295
1.44 -0.335309
1.45 -0.335322
1.46 -0.335336
1.47 -0.33535
1.48 -0.335363
1.49 -0.335358
1.5 -0.335329
1.51 -0.335299
1.52 -0.335269
1.53 -0.335238
1.54 -0.335208
1.55 -0.335177
1.56 -0.366058
1.57 -0.366133
1.58 -0.366204
1.59 -0.366266
1.6 -0.366312
1.61 -0.366322
1.62 -0.366258
1.63 -0.366106
1.64 -0.3659
1.65 -0.365671
1.66 -0.36543
1.67 -0.365184
1.68 -0.364934
1.69 -0.360785
1.7 -0.360823
1.71 -0.360855
1.72 -0.360877
1.73 -0.360884
1.74 -0.360872
1.75 -0.360833
1.76 -0.360766
1.77 -0.360674
1.78 -0.360564
1.79 -0.360441
1.8 -0.360309
1.81 -0.360171
1.82 -0.360029
1.83 -0.359812
1.84 -0.359824
1.85 -0.359829
1.86 -0.359827
1.87 -0.359816
1.88 -0.359795
1.89 -0.359762
1.9 -0.35972
1.91 -0.359669
1.92 -0.359611
1.93 -0.359546
1.94 -0.359478
1.95 -0.359405
1.96 -0.404632
1.97 -0.404621
1.98 -0.404582
1.99 -0.404511
2 -0.404404
2.01 -0.404258
2.02 -0.404073
2.03 -0.40385
2.04 -0.403591
2.05 -0.403301
2.06 -0.402984
2.07 -0.402644
2.08 -0.402284
2.09 -0.374453
2.1 -0.374451
2.11 -0.374443
2.12 -0.374427
2.13 -0.374402
2.14 -0.374369
2.15 -0.374327
2.16 -0.374276
2.17 -0.374217
2.18 -0.37415
2.19 -0.374076
2.2 -0.373996
2.21 -0.373911
2.22 -0.3761
2.23 -0.376098
2.24 -0.376091
2.25 -0.376081
2.26 -0.376066
2.27 -0.376046
2.28 -0.376022
2.29 -0.375994
2.3 -0.375961
2.31 -0.375924
2.32 -0.375884
2.33 -0.37584
2.34 -0.375793
2.35 -0.378861
2.36 -0.37886
2.37 -0.378857
2.38 -0.378852
2.39 -0.378846
2.4 -0.378838
2.41 -0.378827
2.42 -0.378815
2.43 -0.378801
2.44 -0.378786
2.45 -0.378769
2.46 -0.37875
2.47 -0.37873
2.48 -0.385358
2.49 -0.385356
2.5 -0.385353
2.51 -0.385348
2.52 -0.385342
2.53 -0.385335
2.54 -0.385326
2.55 -0.385315
2.56 -0.385303
2.57 -0.38529
2.58 -0.385275
2.59 -0.385259
2.6 -0.385241
2.61 -0.391008
2.62 -0.391007
2.63 -0.391005
2.64 -0.391003
2.65 -0.390999
2.66 -0.390995
2.67 -0.390989
2.68 -0.390983
2.69 -0.390976
2.7 -0.390968
2.71 -0.390959
2.72 -0.39095
2.73 -0.390939
2.74 -0.397432
2.75 -0.397431
2.76 -0.397429
2.77 -0.397427
2.78 -0.397425
2.79 -0.397421
2.8 -0.397417
2.81 -0.397412
2.82 -0.397406
2.83 -0.3974
2.84 -0.397393
2.85 -0.397385
2.86 -0.433997
2.87 -0.433945
2.88 -0.433881
2.89 -0.433806
2.9 -0.433719
2.91 -0.43362
2.92 -0.433509
2.93 -0.433386
2.94 -0.433251
2.95 -0.433105
2.96 -0.432947
2.97 -0.432779
2.98 -0.432601
2.99 -0.426383
3 -0.426351
3.01 -0.426313
3.02 -0.426268
3.03 -0.426216
3.04 -0.426157
3.05 -0.426091
3.06 -0.426018
3.07 -0.425938
3.08 -0.425851
3.09 -0.425759
3.1 -0.425659
3.11 -0.424135
3.12 -0.42412
3.13 -0.424101
3.14 -0.424078
3.15 -0.424051
3.16 -0.424019
3.17 -0.423984
3.18 -0.423945
3.19 -0.423902
3.2 -0.423855
3.21 -0.423804
3.22 -0.42375
3.23 -0.423691
3.24 -0.425159
3.25 -0.42515
3.26 -0.425138
3.27 -0.425124
3.28 -0.425108
3.29 -0.42509
3.3 -0.425069
3.31 -0.425045
3.32 -0.42502
3.33 -0.424992
3.34 -0.424962
3.35 -0.42493
3.36 -0.429328
3.37 -0.429322
3.38 -0.429314
3.39 -0.429304
3.4 -0.429293
3.41 -0.42928
3.42 -0.429265
3.43 -0.429248
3.44 -0.429229
3.45 -0.429209
3.46 -0.429186
3.47 -0.429163
3.48 -0.429137
3.49 -0.436918
3.5 -0.436907
3.51 -0.436894
3.52 -0.436878
3.53 -0.436859
3.54 -0.436839
3.55 -0.436815
3.56 -0.43679
3.57 -0.436762
3.58 -0.436731
3.59 -0.436698
3.6 -0.436663
3.61 -0.436456
3.62 -0.436455
3.63 -0.436453
3.64 -0.43645
3.65 -0.436447
3.66 -0.436443
3.67 -0.436438
3.68 -0.436433
3.69 -0.436427
3.7 -0.43642
3.71 -0.436413
3.72 -0.436405
3.73 -0.47557
3.74 -0.475509
3.75 -0.475437
3.76 -0.475354
3.77 -0.47526
3.78 -0.475156
3.79 -0.47504
3.8 -0.474913
3.81 -0.474775
3.82 -0.474625
3.83 -0.474465
3.84 -0.474295
3.85 -0.489293
3.86 -0.489213
3.87 -0.489119
3.88 -0.489011
3.89 -0.488889
3.9 -0.488752
3.91 -0.488602
3.92 -0.488437
3.93 -0.488258
3.94 -0.488065
3.95 -0.487858
3.96 -0.487637
3.97 -0.46364
3.98 -0.463615
3.99 -0.463584
4 -0.463547
4.01 -0.463505
4.02 -0.463456
4.03 -0.463402
4.04 -0.463342
4.05 -0.463276
4.06 -0.463204
4.07 -0.463126
4.08 -0.463042
4.09 -0.462953
4.1 -0.457926
4.11 -0.457913
4.12 -0.457897
4.13 -0.457878
4.14 -0.457856
4.15 -0.45783
4.16 -0.457802
4.17 -0.457771
4.18 -0.457737
4.19 -0.4577
4.2 -0.457659
4.21 -0.457616
4.22 -0.460905
4.23 -0.460894
4.24 -0.460881
4.25 -0.460865
4.26 -0.460846
4.27 -0.460824
4.28 -0.4608
4.29 -0.460773
4.3 -0.460743
4.31 -0.46071
4.32 -0.460675
4.33 -0.460637
4.34 -0.46492
4.35 -0.464909
4.36 -0.464896
4.37 -0.46488
4.38 -0.464862
4.39 -0.46484
4.4 -0.464815
4.41 -0.464788
4.42 -0.464758
4.43 -0.464725
4.44 -0.464689
4.45 -0.46465
4.46 -0.465139
4.47 -0.465134
4.48 -0.465126
4.49 -0.465117
4.5 -0.465106
4.51 -0.465093
4.52 -0.465078
4.53 -0.465061
4.54 -0.465042
4.55 -0.465021
4.56 -0.464998
4.57 -0.464973
4.58 -0.472616
4.59 -0.472606
4.6 -0.472593
4.61 -0.472577
4.62 -0.472558
4.63 -0.472536
4.64 -0.472511
4.65 -0.472482
4.66 -0.47245
4.67 -0.472415
4.68 -0.472376
4.69 -0.472335
4.7 -0.47229
4.71 -0.472262
4.72 -0.472255
4.73 -0.472245
4.74 -0.472233
4.75 -0.472219
4.76 -0.472202
4.77 -0.472183
4.78 -0.472162
4.79 -0.472139
4.8 -0.472113
4.81 -0.472085
4.82 -0.472055
4.83 -0.484678
4.84 -0.484659
4.85 -0.484634
4.86 -0.484605
4.87 -0.48457
4.88 -0.48453
4.89 -0.484485
4.9 -0.484435
4.91 -0.484379
4.92 -0.484318
4.93 -0.484251
4.94 -0.48418
4.95 -0.477628
4.96 -0.477621
4.97 -0.477611
4.98 -0.477599
4.99 -0.477584
5 -0.477567
5.01 -0.477547
5.02 -0.477524
5.03 -0.477499
5.04 -0.47747
5.05 -0.47744
5.06 -0.477406
5.07 -0.4792
5.08 -0.479194
5.09 -0.479186
5.1 -0.479175
5.11 -0.479162
5.12 -0.479146
5.13 -0.479128
5.14 -0.479107
5.15 -0.479083
5.16 -0.479057
5.17 -0.479028
5.18 -0.478996
5.19 -0.522166
5.2 -0.522112
5.21 -0.522044
5.22 -0.521962
5.23 -0.521866
5.24 -0.521754
5.25 -0.521628
5.26 -0.521487
5.27 -0.52133
5.28 -0.521158
5.29 -0.520971
5.3 -0.520769
5.31 -0.520552
5.32 -0.485784
5.33 -0.485771
5.34 -0.485752
5.35 -0.485729
5.36 -0.485702
5.37 -0.485669
5.38 -0.485632
5.39 -0.485591
5.4 -0.485544
5.41 -0.485493
5.42 -0.485437
5.43 -0.482612
5.44 -0.482607
5.45 -0.482599
5.46 -0.482587
5.47 -0.482572
5.48 -0.482553
5.49 -0.48253
5.5 -0.482504
5.51 -0.482474
5.52 -0.48244
5.53 -0.482402
5.54 -0.482361
5.55 -0.482316
5.56 -0.510982
5.57 -0.510945
5.58 -0.510897
5.59 -0.510836
5.6 -0.510764
5.61 -0.510678
5.62 -0.510581
5.63 -0.51047
5.64 -0.510346
5.65 -0.510209
5.66 -0.51006
5.67 -0.509898
5.68 -0.509723
5.69 -0.523599
5.7 -0.523599
5.71 -0.523599
5.72 -0.523599
5.73 -0.523599
5.74 -0.523599
5.75 -0.523599
5.76 -0.523599
5.77 -0.523599
5.78 -0.523599
5.79 -0.523599
5.8 -0.523599
5.81 -0.521617
5.82 -0.521585
5.83 -0.521535
5.84 -0.521467
5.85 -0.521381
5.86 -0.521276
5.87 -0.521151
5.88 -0.521008
5.89 -0.520844
5.9 -0.520661
5.91 -0.520459
5.92 -0.520237
5.93 -0.517479
5.94 -0.517444
5.95 -0.517392
5.96 -0.51732
5.97 -0.51723
5.98 -0.517121
5.99 -0.516992
6 -0.516843
6.01 -0.516675
6.02 -0.516486
6.03 -0.516277
6.04 -0.516049
6.05 -0.515801
6.06 -0.523599
6.07 -0.523599
6.08 -0.523599
6.09 -0.523599
6.1 -0.523599
6.11 -0.523599
6.12 -0.523599
6.13 -0.523599
6.14 -0.523599
6.15 -0.523599
6.16 -0.523599
6.17 -0.523599
6.18 -0.493395
6.19 -0.493356
6.2 -0.493302
6.21 -0.493234
6.22 -0.493149
6.23 -0.493049
6.24 -0.492933
6.25 -0.4928
6.26 -0.49265
6.27 -0.492484
6.28 -0.492302
6.29 -0.492104
6.3 -0.497394
6.31 -0.497348
6.32 -0.497286
6.33 -0.497206
6.34 -0.497108
6.35 -0.496991
6.36 -0.496856
6.37 -0.496701
6.38 -0.496526
6.39 -0.496333
6.4 -0.49612
6.41 -0.495888
6.42 -0.495637
6.43 -0.497645
6.44 -0.497578
6.45 -0.497492
6.46 -0.497386
6.47 -0.49726
6.48 -0.497113
6.49 -0.496945
6.5 -0.496755
6.51 -0.496545
6.52 -0.470043
6.53 -0.496223
6.54 -0.469584
6.55 -0.471129
6.56 -0.4711
6.57 -0.471058
6.58 -0.471002
6.59 -0.470933
6.6 -0.47085
6.61 -0.470751
6.62 -0.470638
6.63 -0.47051
6.64 -0.470367
6.65 -0.470209
6.66 -0.470037
6.67 -0.46985
6.68 -0.46912
6.69 -0.469082
6.7 -0.469029
6.71 -0.468961
6.72 -0.468877
6.73 -0.468777
6.74 -0.46866
6.75 -0.468527
6.76 -0.468377
6.77 -0.46821
6.78 -0.468026
6.79 -0.467826
6.8 -0.467611
6.81 -0.457249
6.82 -0.457214
6.83 -0.457165
6.84 -0.457103
6.85 -0.457026
6.86 -0.456934
6.87 -0.456827
6.88 -0.456705
6.89 -0.456567
6.9 -0.456414
6.91 -0.456246
6.92 -0.456064
6.93 -0.463406
6.94 -0.463365
6.95 -0.463307
6.96 -0.46323
6.97 -0.463134
6.98 -0.463019
6.99 -0.462883
7 -0.462727
7.01 -0.46255
7.02 -0.462352
7.03 -0.462134
7.04 -0.461896
7.05 -0.461639
7.06 -0.48292
7.07 -0.482829
7.08 -0.482712
7.09 -0.482566
7.1 -0.482391
7.11 -0.482186
7.12 -0.481949
7.13 -0.48168
7.14 -0.48138
7.15 -0.481048
7.16 -0.480685
7.17 -0.480292
7.18 -0.47987
7.19 -0.423594
7.2 -0.423574
7.21 -0.423542
7.22 -0.423498
7.23 -0.423441
7.24 -0.423371
7.25 -0.423288
7.26 -0.423192
7.27 -0.423082
7.28 -0.422959
7.29 -0.422822
7.3 -0.422673
7.31 -0.431028
7.32 -0.431004
7.33 -0.430963
7.34 -0.430904
7.35 -0.430826
7.36 -0.430728
7.37 -0.430609
7.38 -0.43047
7.39 -0.430309
7.4 -0.430127
7.41 -0.429924
7.42 -0.429701
7.43 -0.429458
7.44 -0.427417
7.45 -0.427386
7.46 -0.427335
7.47 -0.427262
7.48 -0.427167
7.49 -0.427048
7.5 -0.426904
7.51 -0.426735
7.52 -0.42654
7.53 -0.426321
7.54 -0.426077
7.55 -0.425809
7.56 -0.425519
7.57 -0.415156
7.58 -0.415129
7.59 -0.415081
7.6 -0.415011
7.61 -0.414917
7.62 -0.414799
7.63 -0.414656
7.64 -0.414486
7.65 -0.41429
7.66 -0.414069
7.67 -0.413822
7.68 -0.413552
7.69 -0.413258
7.7 -0.400585
7.71 -0.400565
7.72 -0.400525
7.73 -0.400463
7.74 -0.400379
7.75 -0.400269
7.76 -0.400134
7.77 -0.399973
7.78 -0.399785
7.79 -0.399572
7.8 -0.399334
7.81 -0.399072
7.82 -0.398789
7.83 -0.39294
7.84 -0.392921
7.85 -0.39288
7.86 -0.392814
7.87 -0.392721
7.88 -0.3926
7.89 -0.392449
7.9 -0.392268
7.91 -0.392057
7.92 -0.391815
7.93 -0.391545
7.94 -0.391249
7.95 -0.370641
7.96 -0.370656
7.97 -0.370656
7.98 -0.370637
7.99 -0.370596
8 -0.370533
8.01 -0.370445
8.02 -0.37033
8.03 -0.370188
8.04 -0.370019
8.05 -0.369824
8.06 -0.369604
8.07 -0.369361
8.08 -0.352882
8.09 -0.352909
8.1 -0.352922
8.11 -0.352918
8.12 -0.352896
8.13 -0.352852
8.14 -0.352785
8.15 -0.352692
8.16 -0.352574
8.17 -0.352428
8.18 -0.352258
8.19 -0.352065
8.2 -0.35185
8.21 -0.351617
8.22 -0.340618
8.23 -0.340644
8.24 -0.340655
8.25 -0.340645
8.26 -0.340614
8.27 -0.340556
8.28 -0.340469
8.29 -0.340353
8.3 -0.340206
8.31 -0.34003
8.32 -0.339829
8.33 -0.339606
8.34 -0.339364
8.35 -0.340578
8.36 -0.340624
8.37 -0.34065
8.38 -0.34065
8.39 -0.340619
8.4 -0.340548
8.41 -0.340431
8.42 -0.340265
8.43 -0.340049
8.44 -0.339787
8.45 -0.339486
8.46 -0.339153
8.47 -0.338795
8.48 -0.298115
8.49 -0.298151
8.5 -0.298183
8.51 -0.298206
8.52 -0.298218
8.53 -0.298215
8.54 -0.298192
8.55 -0.298145
8.56 -0.298073
8.57 -0.29798
8.58 -0.297871
8.59 -0.29775
8.6 -0.29762
8.61 -0.285585
8.62 -0.285629
8.63 -0.28567
8.64 -0.285706
8.65 -0.285737
8.66 -0.285755
8.67 -0.285753
8.68 -0.285716
8.69 -0.285642
8.7 -0.28554
8.71 -0.285423
8.72 -0.285297
8.73 -0.285167
8.74 -0.285033
8.75 -0.27221
8.76 -0.272255
8.77 -0.272299
8.78 -0.272343
8.79 -0.272385
8.8 -0.272424
8.81 -0.272427
8.82 -0.272324
8.83 -0.2722
8.84 -0.272073
8.85 -0.271944
8.86 -0.271816
8.87 -0.271687
8.88 -0.256855
8.89 -0.256889
8.9 -0.256923
8.91 -0.256954
8.92 -0.256982
8.93 -0.257001
8.94 -0.256994
8.95 -0.256944
8.96 -0.256864
8.97 -0.256772
8.98 -0.256676
8.99 -0.256577
9 -0.256477
9.01 -0.256377
9.02 -0.236775
9.03 -0.236783
9.04 -0.236791
9.05 -0.236796
9.06 -0.236798
9.07 -0.236795
9.08 -0.236786
9.09 -0.236772
9.1 -0.236753
9.11 -0.236732
9.12 -0.236708
9.13 -0.236684
9.14 -0.236658
9.15 -0.253455
9.16 -0.253481
9.17 -0.253489
9.18 -0.253477
9.19 -0.253437
9.2 -0.253364
9.21 -0.253256
9.22 -0.253111
9.23 -0.252932
9.24 -0.252725
9.25 -0.252495
9.26 -0.252247
9.27 -0.251986
9.28 -0.251715
9.29 -0.227361
9.3 -0.227365
9.31 -0.227357
9.32 -0.227335
9.33 -0.227298
9.34 -0.227244
9.35 -0.227174
9.36 -0.227086
9.37 -0.226983
9.38 -0.226867
9.39 -0.226739
9.4 -0.226602
9.41 -0.226456
9.42 -0.210682
9.43 -0.210681
9.44 -0.210673
9.45 -0.210656
9.46 -0.210629
9.47 -0.210593
9.48 -0.210546
9.49 -0.210488
9.5 -0.210421
9.51 -0.210344
9.52 -0.210259
9.53 -0.210167
9.54 -0.210068
9.55 -0.209963
9.56 -0.185457
9.57 -0.185458
9.58 -0.185459
9.59 -0.185459
9.6 -0.185458
9.61 -0.185457
9.62 -0.185456
9.63 -0.185454
9.64 -0.185451
9.65 -0.185449
9.66 -0.185445
9.67 -0.185441
9.68 -0.185437
9.69 -0.185433
9.7 -0.181633
9.71 -0.181624
9.72 -0.181611
9.73 -0.181593
9.74 -0.181572
9.75 -0.181546
9.76 -0.181516
9.77 -0.181482
9.78 -0.181444
9.79 -0.181402
9.8 -0.181357
9.81 -0.181308
9.82 -0.181257
9.83 -0.168774
9.84 -0.168766
9.85 -0.168755
9.86 -0.168741
9.87 -0.168724
9.88 -0.168704
9.89 -0.168681
9.9 -0.168654
9.91 -0.168625
9.92 -0.168593
9.93 -0.168558
9.94 -0.16852
9.95 -0.16848
9.96 -0.168437
9.97 -0.159355
9.98 -0.159342
9.99 -0.159327
10 -0.159308
10.01 -0.159285
10.02 -0.15926
10.03 -0.159231
10.04 -0.159199
10.05 -0.159164
10.06 -0.159126
10.07 -0.159085
10.08 -0.159042
10.09 -0.158995
10.1 -0.158947
10.11 -0.148724
10.12 -0.148713
10.13 -0.148699
10.14 -0.148684
10.15 -0.148666
10.16 -0.148647
10.17 -0.148625
10.18 -0.148601
10.19 -0.148574
10.2 -0.148546
10.21 -0.148516
10.22 -0.148484
10.23 -0.14845
10.24 -0.137012
10.25 -0.137009
10.26 -0.137004
10.27 -0.136999
10.28 -0.136993
10.29 -0.136986
10.3 -0.136978
10.31 -0.136969
10.32 -0.13696
10.33 -0.13695
10.34 -0.136938
10.35 -0.136926
10.36 -0.136914
10.37 -0.1369
10.38 -0.013792
10.39 -0.0137921
10.4 -0.0137922
10.41 -0.0137923
10.42 -0.0137923
10.43 -0.0137923
10.44 -0.0137923
10.45 -0.0137922
10.46 -0.013792
10.47 -0.0137919
10.48 -0.0137917
10.49 -0.0137914
10.5 -0.0137912
10.51 -0.0137908
10.52 -0.4201
10.53 -0.419968
10.54 -0.419837
10.55 -0.419705
10.56 -0.419574
10.57 -0.419443
10.58 -0.419312
10.59 -0.419182
10.6 -0.419053
10.61 -0.418924
10.62 -0.418797
10.63 -0.418671
10.64 -0.418546
10.65 -0.417078
10.66 -0.416884
10.67 -0.416691
10.68 -0.416501
10.69 -0.416312
10.7 -0.416126
10.71 -0.415942
10.72 -0.415761
10.73 -0.415583
10.74 -0.415408
10.75 -0.415237
10.76 -0.415069
10.77 -0.414904
10.78 -0.0110643
10.79 -0.0110678
10.8 -0.0110703
10.81 -0.0110719
10.82 -0.0110724
10.83 -0.0110719
10.84 -0.0110704
10.85 -0.0110678
10.86 -0.0110643
10.87 -0.0110597
10.88 -0.0110542
10.89 -0.0110476
10.9 -0.0110402
10.91 -0.0110312
10.92 -0.011035
10.93 -0.0110378
10.94 -0.0110396
10.95 -0.0110404
10.96 -0.0110402
10.97 -0.0110391
10.98 -0.0110369
10.99 -0.0110338
11 -0.0110296
11.01 -0.0110245
11.02 -0.0110185
11.03 -0.0110115
11.04 -0.0110036
11.05 -0.0110015
11.06 -0.0110046
11.07 -0.0110066
11.08 -0.0110078
11.09 -0.0110079
11.1 -0.0110071
11.11 -0.0110053
11.12 -0.0110025
11.13 -0.0109988
11.14 -0.0109941
11.15 -0.0109885
11.16 -0.0109819
11.17 -0.0109745
11.18 -0.0185043
11.19 -0.0185044
11.2 -0.0185045
11.21 -0.0185048
11.22 -0.0185052
11.23 -0.0185056
11.24 -0.0185061
11.25 -0.0185068
11.26 -0.0185075
11.27 -0.0185083
11.28 -0.0185091
11.29 -0.01851
11.3 -0.018511
11.31 -0.0185118
11.32 -0.018512
11.33 -0.0185122
11.34 -0.0185124
11.35 -0.0185128
11.36 -0.0185132
11.37 -0.0185137
11.38 -0.0185142
11.39 -0.0185148
11.4 -0.0185155
11.41 -0.0185163
11.42 -0.018517
11.43 -0.0185179
11.44 -0.0185189
11.45 -0.018519
11.46 -0.0185193
11.47 -0.0185195
11.48 -0.0185199
11.49 -0.0185202
11.5 -0.0185207
11.51 -0.0185212
11.52 -0.0185217
11.53 -0.0185223
11.54 -0.018523
11.55 -0.0185237
11.56 -0.0185244
11.57 -0.0185251
11.58 -0.00608988
11.59 -0.0060901
11.6 -0.00609026
11.61 -0.00609037
11.62 -0.00609043
11.63 -0.00609042
11.64 -0.00609037
11.65 -0.00609026
11.66 -0.00609009
11.67 -0.00608987
11.68 -0.0060896
11.69 -0.00608927
11.7 -0.0060889
11.71 -0.00982317
11.72 -0.00982599
11.73 -0.00982814
11.74 -0.00982959
11.75 -0.00983034
11.76 -0.0098304
11.77 -0.00982976
11.78 -0.00982842
11.79 -0.00982639
11.8 -0.00982366
11.81 -0.00982025
11.82 -0.00981616
11.83 -0.0098114
11.84 -0.00614788
11.85 -0.0061482
11.86 -0.00614846
11.87 -0.00614864
11.88 -0.00614876
11.89 -0.00614881
11.9 -0.00614878
11.91 -0.00614869
11.92 -0.00614853
11.93 -0.0061483
11.94 -0.006148
11.95 -0.00614763
11.96 -0.00614719
11.97 -0.00985501
11.98 -0.00986797
11.99 -0.00986962
12 -0.00987062
12.01 -0.00987095
12.02 -0.0098706
12.03 -0.00986958
12.04 -0.00986788
12.05 -0.00986552
12.06 -0.00986248
12.07 -0.00985879
12.08 -0.00985444
12.09 -0.00984944
12.1 -0.00990256
12.11 -0.00992362
12.12 -0.00992498
12.13 -0.00992567
12.14 -0.00992567
12.15 -0.00992498
12.16 -0.0099236
12.17 -0.00992152
12.18 -0.00991876
12.19 -0.0099153
12.2 -0.00991116
12.21 -0.00990635
12.22 -0.00982356
12.23 -0.00983115
12.24 -0.00983472
12.25 -0.0098376
12.26 -0.0098398
12.27 -0.0098413
12.28 -0.00984209
12.29 -0.00984218
12.3 -0.00984156
12.31 -0.00984023
12.32 -0.00983819
12.33 -0.00983545
12.34 -0.00983201
12.35 -0.00983177
12.36 -0.00983969
12.37 -0.00984358
12.38 -0.00984677
12.39 -0.00984926
12.4 -0.00985104
12.41 -0.00985211
12.42 -0.00985245
12.43 -0.00985206
12.44 -0.00985096
12.45 -0.00984913
12.46 -0.00984658
12.47 -0.00984331
12.48 -0.00984137
12.49 -0.00984969
12.5 -0.00985391
12.51 -0.00985743
12.52 -0.00986023
12.53 -0.0098623
12.54 -0.00986365
12.55 -0.00986425
12.56 -0.00986412
12.57 -0.00986324
12.58 -0.00986162
12.59 -0.00985926
12.6 -0.00985616
12.61 -0.00985234
12.62 -0.00656765
12.63 -0.00663419
12.64 -0.00662906
12.65 -0.00662383
12.66 -0.0066185
12.67 -0.00661309
12.68 -0.00660758
12.69 -0.00660199
12.7 -0.00659633
12.71 -0.00659058
12.72 -0.00658477
12.73 -0.00657889
12.74 -0.00657295
12.75 -0.00422879
12.76 -0.00421913
12.77 -0.00421071
12.78 -0.00420357
12.79 -0.0041977
12.8 -0.00419312
12.81 -0.00418985
12.82 -0.00418789
12.83 -0.00418724
12.84 -0.00418791
12.85 -0.00418989
12.86 -0.00419318
12.87 -0.00419777
12.88 -0.004201
12.89 -0.00419078
12.9 -0.00418182
12.91 -0.00417414
12.92 -0.00416776
12.93 -0.00416268
12.94 -0.00415893
12.95 -0.00415651
12.96 -0.00415543
12.97 -0.00415569
12.98 -0.00415728
12.99 -0.00416021
13 -0.00416446
13.01 -0.257468
13.02 -0.256832
13.03 -0.256236
13.04 -0.25568
13.05 -0.255166
13.06 -0.254695
13.07 -0.254266
13.08 -0.253881
13.09 -0.25354
13.1 -0.253242
13.11 -0.252988
13.12 -0.252777
13.13 -0.252609
13.14 -0.250675
13.15 -0.250006
13.16 -0.249378
13.17 -0.248791
13.18 -0.248248
13.19 -0.247749
13.2 -0.247295
13.21 -0.246887
13.22 -0.246524
13.23 -0.246208
13.24 -0.245937
13.25 -0.245714
13.26 -0.245536
13.27 -0.245403
13.28 -0.00952053
13.29 -0.00952886
13.3 -0.00953622
13.31 -0.00954259
13.32 -0.00954792
13.33 -0.0095522
13.34 -0.00955538
13.35 -0.00955747
13.36 -0.00955843
13.37 -0.00955826
13.38 -0.00955697
13.39 -0.00955454
13.4 -0.009551
13.41 -0.00954635
13.42 -0.00475854
13.43 -0.00474539
13.44 -0.0047338
13.45 -0.00472383
13.46 -0.0047155
13.47 -0.00470887
13.48 -0.00470395
13.49 -0.00470078
13.5 -0.00469936
13.51 -0.0046997
13.52 -0.0047018
13.53 -0.00470565
13.54 -0.00470146
13.55 -0.00468931
13.56 -0.00467882
13.57 -0.00467003
13.58 -0.004663
13.59 -0.00465776
13.6 -0.00465434
13.61 -0.00465274
13.62 -0.00465299
13.63 -0.00465508
13.64 -0.00465899
13.65 -0.25939
13.66 -0.258748
13.67 -0.258149
13.68 -0.257595
13.69 -0.257087
13.7 -0.256627
13.71 -0.256217
13.72 -0.255856
13.73 -0.255546
13.74 -0.255286
13.75 -0.255077
13.76 -0.254917
13.77 -0.254806
13.78 -0.254742
13.79 -0.254724
13.8 -0.254749
13.81 -0.254815
13.82 -0.254921
13.83 -0.255064
13.84 -0.255241
13.85 -0.255452
13.86 -0.255692
13.87 -0.255961
13.88 -0.256256
13.89 -0.256575
13.9 -0.256918
13.91 -0.257281
13.92 -0.257664
13.93 -0.258064
13.94 -0.258482
13.95 -0.258915
13.96 -0.259362
13.97 -0.259823
13.98 -0.260296
13.99 -0.26078
14 -0.261276
14.01 -0.261781
14.02 -0.262295
14.03 -0.262818
14.04 -0.26335
14.05 -0.263888
14.06 -0.264434
14.07 -0.264986
14.08 -0.265544
14.09 -0.266108
14.1 -0.266677
14.11 -0.267252
14.12 -0.26783
14.13 -0.268413
14.14 -0.269001
14.15 -0.269591
14.16 -0.270186
14.17 -0.270783
14.18 -0.271383
14.19 -0.271986
14.2 -0.272592
14.21 -0.2732
14.22 -0.27381
14.23 -0.274421
14.24 -0.275035
14.25 -0.27565
14.26 -0.276266
14.27 -0.276883
14.28 -0.277501
14.29 -0.27812
14.3 -0.27874
14.31 -0.27936
14.32 -0.27998
14.33 -0.2806
14.34 -0.28122
14.35 -0.28184
14.36 -0.28246
14.37 -0.283078
14.38 -0.283696
14.39 -0.284313
14.4 -0.284929
14.41 -0.285543
14.42 -0.286156
14.43 -0.286768
14.44 -0.287377
14.45 -0.287984
14.46 -0.288589
14.47 -0.289192
14.48 -0.289791
14.49 -0.290388
14.5 -0.290982
14.51 -0.291573
14.52 -0.29216
14.53 -0.292744
14.54 -0.293323
14.55 -0.293898
14.56 -0.294469
14.57 -0.295036
14.58 -0.295597
14.59 -0.296153
14.6 -0.296704
14.61 -0.297249
14.62 -0.297788
14.63 -0.298321
14.64 -0.298848
14.65 -0.299368
14.66 -0.29988
14.67 -0.300386
14.68 -0.300883
14.69 -0.301373
14.7 -0.301854
14.71 -0.302327
14.72 -0.30279
14.73 -0.303244
14.74 -0.303689
14.75 -0.304123
14.76 -0.304547
14.77 -0.30496
14.78 -0.305362
14.79 -0.305752
14.8 -0.30613
14.81 -0.306496
14.82 -0.306848
14.83 -0.307188
14.84 -0.307513
14.85 -0.307825
14.86 -0.308122
14.87 -0.308403
14.88 -0.308669
14.89 -0.308919
14.9 -0.309152
14.91 -0.309368
14.92 -0.309566
14.93 -0.309746
14.94 -0.309907
14.95 -0.310049
14.96 -0.310172
14.97 -0.310274
14.98 -0.310355
14.99 -0.310414
15 -0.310452
